1
33
33
71
94
95
122
138
138
154
154
204
238
272
272
272
272
272
288
288
331
331
331
366
366
366
411
411
411
411
441
441
469
500
500
561
561
813
813
842
869
889
906
939
939
962
962
977
992
1013
1031
1046
1070
1107
1107
1133
1152
1152
1179
1179
1179
1179
1202
1202
1228
1228
1228
1248
1260
1260
1262
1282
1283
1303
1328
1344
1344
1344
1344
1393
1400
1415
1427
1438
1438
1455
1455
1482
1482
1510
1525
1525
1539
1565
1596
1596
1648
1660
1660
1687
1722
1739
1763
1763
1794
1794
1800
1800
1806
1807
1812
1812
1812
1812
1825
1825
1836
1866
1895
1898
1913
1926
1938
1938
1962
1962
2002
2020
2020
2020
2061
2061
2081
2081
2106
2129
2129
2129
2153
2179
2200
2201
2219
2221
2221
2221
2228
2236
2281
2318
2318
2365
2365
2365
2365
2398
2435
2435
2474
2507
2541
2567
2567
2590
2607
2620
2622
2656
2687
2698
2726
2758
2794
2795
2816
2872
2872
2988
2988
3065
3104
3134
3134
3149
3150
3181
3198
3198
3212
3228
3228
3243
3282
3325
3349
3364
3364
3400
3417
3417
3417
3461
3461
3492
3514
3530
3530
3549
3588
3588
3601
3618
3658
3658
3658
3658
3658
3658
3658
3732
3802
3821
3862
3862
3862
3879
3879
3915
3928
3946
3946
3946
3946
3993
3993
4017
4017
4017
4072
4072
4176
4176
4176
4176
4246
4246
4286
4317
4345
4345
4345
4345
4345
4345
4345
4378
4390
4407
4427
4427
4451
4451
4454
4454
4456
4456
4514
4541
4541
4577
4577
4577
4617
4617
4617
4617
4617
4641
4641
4659
4670
4683
4683
4696
4696
4723
4743
4770
4781
4781
4781
4827
4839
4839
4853
4907
4933
4946
4963
4963
4982
4982
5011
5041
5041
5041
5041
5076
5076
5076
5110
5110
5130
5166
5196
5196
5222
5222
5222
5263
5330
5330
5355
5355
5390
5391
5414
5430
5430
5430
5430
5456
5456
5479
5479
5479
5479
5508
5538
5611
5611
5632
5662
5662
5699
5708
5708
5760
5760
5791
5791
5791
5831
5851
5851
5952
5971
5999
6026
6156
6175
6175
6175
6215
6243
6254
6254
6292
6892
6892
6917
6938
6938
6938
6938
6938
6957
6976
6976
6976
6976
7015
7040
7103
7119
7142
7158
7158
7212
7234
7256
7284
7317
7317
7363
7363
7396
7431
7928
7951
7951
7991
8006
8006
8014
8043
8043
8081
8085
8103
8103
8115
8115
8136
8175
8176
8210
8210
8252
8272
8272
8272
8293
8332
8372
8415
8415
8599
8620
8642
8666
8666
8696
8712
8753
8795
8812
8812
8812
8832
8843
8862
8862
8937
8937
8955
8982
9016
9039
9058
9075
9087
9425
9441
9462
9477
9486
9498
9536
9536
9553
9553
9587
9608
9628
9649
9649
9674
9694
9694
9694
9738
9759
9786
9832
9873
9873
9912
9934
9948
9978
9978
9992
9992
10035
10048
10048
10060
10085
10108
10125
10125
10169
10186
10219
10253
10271
10271
10271
10314
10314
10331
10331
10354
10366
10388
10388
10401
10401
10419
10438
10482
10517
10524
10524
10524
10542
10562
10584
10584
10597
10613
10613
10629
10629
10629
10657
10671
10712
10729
10729
10729
10764
10835
10873
10873
10895
10895
10895
10942
10979
10979
10996
11013
11013
11049
11188
11219
11241
11241
11259
11278
11304
11321
11333
11346
11370
11373
11397
11416
11416
11484
11484
11484
11484
11484
11523
11523
11523
11523
11572
11586
11602
11631
11655
11674
11674
11695
11715
11724
11749
11779
11815
11846
11846
11846
11872
11891
11914
11914
11958
12000
12024
12024
12024
12043
12043
12061
12075
12075
12102
12119
12119
12119
12140
12167
12167
12186
12203
12203
12223
12223
12251
12283
12305
12328
12328
12328
12328
12450
12450
12476
12522
12522
12564
12599
12599
12642
12662
12677
12692
12719
12719
12719
12723
12723
12723
12723
12746
12798
12807
12807
13094
13120
13120
13120
13120
13163
13165
13165
13169
13206
13222
13222
13236
13236
13250
13270
13288
13309
13309
13309
13337
13337
13345
13345
13361
13384
13394
13394
13394
13394
13423
13423
13435
13474
13500
13538
13538
13561
13561
13572
13586
13586
13628
13708
13738
13738
13741
13759
13778
13799
13800
13842
13843
13843
13862
13863
13863
13863
13863
13899
13899
13899
13903
13903
13903
13903
13924
13964
13997
13997
13997
14052
14072
14072
14072
14128
14166
14199
14231
14249
14279
14279
14495
14533
14543
14674
14674
14721
14721
14773
14941
14941
14956
14956
14956
14976
14976
14976
14976
14976
15018
15018
15041
15057
15059
15068
15069
15069
15114
15131
15131
15131
15186
15186
15186
15186
15213
15223
15237
15237
15237
15262
15262
15288
15318
15340
15340
15340
15377
15394
15411
15433
15433
15447
15464
15482
15482
15497
15515
15534
15547
15561
15581
15581
15598
15641
15663
15694
15694
15694
15694
15694
15721
15725
15725
15733
15744
15744
15763
15777
15802
15802
15830
15866
15866
15898
15916
15916
15916
15916
15927
15930
15930
15946
15946
15946
15973
15991
16028
16054
16070
16070
16101
16117
16497
16519
16538
16555
16555
16583
16609
16609
16609
16629
16652
16674
16700
16716
16750
16750
16750
16750
16774
16785
16834
16834
16834
16853
16853
16868
16899
16964
16964
16964
17115
17139
17158
17189
17189
17207
17221
17221
17221
17247
17247
17293
17347
17393
17412
17447
17447
17447
17465
17494
17494
17541
17541
17541
17567
17589
17600
17620
17620
17634
17634
17634
17634
17634
17634
17634
17634
17670
17697
17713
17732
17753
17753
17765
17776
17776
17776
17776
17791
17820
17820
17820
17820
17844
17844
17860
17860
17878
17909
17927
17927
17949
17985
17995
18023
18048
18066
18066
18066
18100
18149
18149
18164
18164
18177
18177
18177
18192
18192
18192
18192
18215
18215
18215
18229
18229
18239
18251
18288
18288
18327
18368
18436
18455
18455
18476
18476
18476
18493
18513
18531
18531
18563
18563
18583
18653
18688
18688
18729
18744
18762
18771
18789
18789
18789
18789
18838
18854
18881
18893
18903
18917
18936
18936
18966
18966
18966
19004
19004
19028
19028
19049
19103
19105
19133
19183
19183
19183
19183
19217
19217
19245
19269
19305
19330
19330
19375
19459
19476
19476
19476
19516
19567
19567
19567
19601
19626
19644
19667
19693
19693
19716
19716
19748
19764
19764
19779
19811
19811
19811
19842
19842
19880
19894
19918
19944
19944
19972
19972
19995
20018
20038
20045
20045
20045
20045
20065
20065
20089
20089
20108
20108
20108
20119
20119
20119
20146
20146
20146
20178
20291
20291
20340
20358
20358
20391
20391
20408
20408
20424
20468
20478
20508
20508
20530
20530
20530
20530
20530
20579
20579
20594
20594
20594
20594
20607
20607
20616
20629
20629
20662
20662
20740
20779
20799
20857
20884
20884
20884
20922
20938
20938
20938
20938
20953
20976
20989
20989
21019
21019
21047
21069
21084
21087
21087
21108
21120
21120
21120
21120
21120
21120
21120
21120
21137
21137
21184
21227
21247
21308
21329
21329
21346
21346
21412
21425
21425
21454
21468
21493
21513
21546
21546
21558
21558
21614
21658
21658
21689
21689
21710
21721
21734
21734
21768
21811
21811
21811
21869
21869
21889
21889
21908
21908
21938
21938
21962
21983
21985
22003
22041
22069
22069
22069
22092
22092
22141
22141
22141
22141
22141
22141
22141
22141
22167
22167
22193
22193
22237
22253
22253
22269
22289
22300
22300
22320
22320
22389
22389
22412
22421
22421
22460
22460
22460
22507
22507
22507
22507
22507
22507
22507
22531
22557
22557
22582
22582
22639
22698
22698
22698
22750
22768
22768
22768
22788
22811
22826
22854
22877
22905
22930
22949
22975
23009
23046
23046
23064
23077
23092
23114
23137
23137
23150
23179
23179
23202
23225
23225
23225
23241
23250
23250
23250
23250
23269
23269
23269
23269
23269
23291
23344
23344
23359
23395
23428
23428
23461
23517
23538
23538
23595
23623
23648
23668
23668
23701
23717
23739
23773
23804
23822
23847
23847
23871
23879
23879
23896
23924
23924
23939
23939
23957
23968
23985
23998
23998
23998
24054
24064
24072
24072
24072
24086
24111
24112
24123
24136
24149
24149
24162
24162
24162
24174
24189
24208
24208
24241
24252
24269
24285
24302
24302
24311
24311
24344
24361
24382
24382
24382
24397
24397
24397
24418
24508
24509
24509
24553
24570
24589
24619
24619
24630
24630
24630
24630
24630
24630
24660
24660
24679
24679
24695
24695
24695
24713
24713
24739
24739
24739
24739
24757
24757
24757
24768
24768
24768
24768
24791
24791
24809
24820
24820
24851
24851
24884
24897
24922
24933
24933
24933
24933
24952
24952
24980
25000
25000
25016
25031
25031
25031
25059
25097
25097
25161
25195
25218
25218
25218
25243
25243
25339
25357
25367
25408
25430
25459
25488
25534
25534
25534
25534
25553
25593
25631
25648
25679
25700
25727
25727
25746
25774
25774
25774
25774
25774
25774
25774
25774
25774
25774
25852
25852
25852
25883
25883
25914
25914
25965
25965
25995
26011
26025
26043
26043
26087
26107
26107
26131
26150
26150
26150
26168
26168
26168
26197
26221
26290
26290
26290
26362
26408
26408
26428
26456
26456
26485
26503
26525
26525
26525
26559
26559
26592
26616
26631
26657
26691
26691
26691
26706
26706
26737
26758
26758
26758
26758
26758
26803
26803
26803
26803
26803
26803
26835
26847
26847
26927
26977
27023
27045
27045
27045
27075
27075
27075
27075
27118
27134
27153
27165
27184
27205
27225
27225
27225
27246
27259
27277
27277
27298
27320
27354
27360
27360
27360
27360
27392
27413
27413
27421
27421
27421
27431
27450
27466
27466
27466
27480
27480
27480
27502
27514
27514
27514
27547
27575
27583
27583
27597
27597
27615
27633
27633
27667
27687
27687
27687
27687
27723
27723
27723
27723
27723
27742
27742
27779
27779
27779
27867
27867
27904
27904
27932
27932
27964
27991
28007
28044
28065
28135
28160
28179
28213
28225
28247
28254
28254
28281
28281
28281
28306
28306
28363
28363
28385
28399
28402
28416
28467
28467
28489
28489
28536
28536
28536
28570
28570
28570
28590
28590
28590
28608
28608
28608
28633
28658
28658
28658
28658
28684
28700
28700
28707
28707
28722
28722
28722
28753
28753
28763
28780
28813
28845
28845
28845
28874
28874
28893
28904
28934
28934
28959
28959
28959
28977
28987
29021
29038
29038
29065
29065
29065
29065
29117
29142
29142
29142
29180
29180
29196
29196
29399
29407
29407
29407
29435
29435
29435
29435
29459
29478
29511
29527
29527
29553
29553
29553
29553
29584
29584
29584
29645
29645
29645
29684
29684
29684
29684
29716
29716
29716
29730
29730
29760
29760
29766
29798
29798
29844
29864
29864
29903
29903
29903
29903
29903
29931
29953
29978
29997
30009
30041
30060
30078
30078
30078
30119
30142
30142
30142
30175
30265
30283
30283
30312
30312
30320
30362
30420
30468
30575
30598
30598
30634
30634
30657
30684
30702
30702
30702
30726
30726
30764
30808
30825
30874
30884
30901
30907
30958
30978
30996
31022
31042
31042
31076
31082
31091
31117
31142
31174
31174
31174
31184
31224
31224
31224
31224
31237
31263
31284
31284
31284
31318
31358
31381
31411
31433
31450
31450
31450
31493
31493
31514
31573
31589
31589
31609
31615
31615
31686
31722
31744
31787
31802
31802
31802
31892
31916
31943
31959
31959
31970
31988
31988
31988
31988
31988
32009
32043
32064
32064
32089
32089
32089
32120
32120
32120
32154
32173
32196
32246
32246
32275
32275
32297
32297
32319
32319
32342
32351
32351
32351
32351
32399
32399
32399
32399
32426
32426
32468
32539
32553
32559
32559
32559
32559
32559
32574
32574
32574
32583
32607
32612
33241
33257
33278
33296
33296
33331
33357
33387
33423
33446
33476
33534
33559
33559
33584
33584
33603
33628
33650
33650
33650
33650
33691
33714
33745
33764
33782
33806
33806
33819
33819
33819
33887
33887
33926
33954
33954
33954
33954
33954
33986
33994
33994
33994
33994
34016
34040
34054
34085
34108
34127
34138
34151
34172
34188
34205
34205
34205
34214
34214
34214
34226
34252
34274
34274
34312
34312
34336
34346
34346
34376
34376
34390
34390
34390
34415
34433
34450
34476
34513
34513
34529
34529
34529
34566
34602
34613
34641
34659
34659
34659
34700
34716
34740
34848
34869
34869
34869
34898
34933
34958
35038
35084
35084
35113
35157
35157
35157
35157
35157
35174
35185
35197
35213
35213
35213
35213
35213
35213
35244
35244
35284
35326
35355
35355
35394
35408
35408
35443
35459
35475
35494
35494
35511
35511
35544
35560
35560
35560
35604
35604
35632
35661
35683
35723
35752
35801
35811
35852
35875
35893
35923
35957
35957
35957
35957
35957
35957
35957
35985
35999
35999
35999
36027
36035
36050
36050
36050
36050
36050
36079
36079
36079
36101
36101
36118
36118
36118
36149
36149
36172
36202
36202
36202
36257
36257
36257
36312
36355
36355
36379
36410
36410
36434
36497
36518
36518
36579
36579
36579
36621
36621
36658
36658
36682
36712
36721
36721
36759
36803
36803
36838
36838
36853
36874
36916
36935
36935
36935
37001
37010
37023
37044
37057
37074
37102
37126
37126
37151
37165
37179
37212
37235
37235
37248
37248
37279
37289
37310
37310
37341
37359
37381
37381
37413
37426
37507
37507
37559
37597
37621
37635
37656
37656
37673
37686
37715
37740
37740
37740
37740
37762
37762
37762
37762
37762
37762
37804
37826
37842
37857
37872
37890
37890
37890
37914
37924
37937
37970
37985
38017
38032
38032
38032
38032
38047
38047
38053
38064
38075
38075
38075
38125
38125
38125
38125
38143
38168
38187
38214
38303
38336
38349
38349
38375
38387
38400
38438
38449
38449
38449
38491
38519
38519
38545
38606
38624
38624
38652
38672
38714
38714
38751
38766
38785
38792
38807
38807
38830
38843
38843
38843
38843
38843
38843
38843
38880
38921
38945
39068
39088
39088
39160
39160
39160
39160
39207
39230
39230
39230
39430
39442
39470
39470
39470
39496
39496
39523
39532
39546
39546
40022
40022
40022
40038
40070
40070
40070
40112
40140
40177
40177
40177
40212
40223
40238
40257
40257
40257
40301
40301
40301
40301
40301
40301
40301
40343
40361
40361
40383
40383
40383
40383
40383
40416
40458
40458
40481
40481
40510
40524
40547
40567
40613
40613
40630
40645
40645
40661
40680
40680
40680
40680
40695
40695
40702
40702
40725
40725
40781
40799
40799
40799
40799
40820
40841
40880
40880
40908
40908
40930
40963
41002
41002
41038
41063
41063
41063
41094
41094
41120
41120
41145
41178
41178
41238
41254
41254
41254
41254
41271
41271
41282
41282
41306
41345
41372
41397
41427
41427
41427
41427
41447
41447
41461
41490
41513
41530
41593
41610
41610
41644
41670
41699
41724
41751
41751
41767
41790
41801
41836
41852
41852
41852
41852
41852
41876
41876
41876
41876
41891
41891
41891
41891
41923
41923
41942
41959
41996
42010
42024
42035
42042
42058
42084
42111
42123
42136
42136
42136
42188
42208
42208
42225
42246
42246
42246
42246
42246
42246
42246
42274
42284
42299
42312
42324
42324
42324
42352
42352
42380
42380
42397
42397
42415
42415
42415
42452
42452
42463
42479
42479
42516
42567
42582
42582
42614
42639
42657
42657
42657
42657
42681
42681
42699
42716
42716
42716
42750
42782
42782
42782
42820
42863
42883
42883
42896
42930
42940
42978
42978
42978
42978
42978
43015
43025
43041
43068
43090
43139
43139
43139
43139
43181
43195
43207
43231
43260
43290
43300
43309
43309
43309
43338
43338
43338
43338
43358
43358
43372
43455
43482
43482
43482
43482
43523
43551
43563
43598
43623
43647
43647
43664
43686
43686
43720
43737
43737
43737
43737
43772
43805
43805
43805
43821
43854
43893
43893
43893
43935
43952
43988
44012
44012
44012
44012
44012
44037
44044
44080
44080
44080
44080
44107
44107
44107
44131
44131
44131
44148
44148
44212
44212
44212
44254
44286
44299
44299
44299
44299
44339
44339
44339
44370
44370
44406
44429
44429
44486
44510
44556
44556
44556
44585
44609
44609
44647
44670
44670
44670
44705
44728
44803
44826
44826
44859
44862
44882
44897
44897
44897
44933
44961
44991
44991
45008
45030
45030
45044
45044
45062
45075
45095
45095
45095
45095
45169
45197
45206
45206
45206
45238
45238
45238
45271
45271
45288
45288
45303
45303
45303
45303
45337
45356
45356
45370
45386
45406
45419
45433
45459
45483
45490
45490
45499
45499
45530
45530
45530
45558
45589
45589
45589
45624
45624
45680
45680
45739
45739
45761
45761
45791
45791
45811
45811
45811
45853
45853
45865
45904
45935
45955
45963
45963
45963
46003
46003
46028
46028
46028
46028
46058
46071
46094
46136
46136
46176
46176
46655
46655
46655
46705
46705
46726
46755
46795
46827
46863
46882
46882
46882
46882
46902
46916
46953
46980
46980
46980
46980
46980
47005
47094
47120
47146
47161
47161
47181
47207
47207
47207
47207
47207
47241
47241
47271
47271
47286
47286
47286
47286
47286
47286
47319
47319
47319
47333
47333
47333
47333
47333
47333
47333
47333
47361
47361
47398
47497
48185
48227
48227
48352
48369
48369
48369
48389
48389
48389
48389
48389
48423
48423
48450
48479
48479
48479
48513
48524
48524
48536
48536
48536
48536
48563
48563
48563
48632
48656
48692
48692
48692
48738
48762
48785
48785
48823
48841
48845
48845
48845
48845
48884
49006
49025
49025
49025
49057
49073
49073
49073
49129
49141
49141
49141
49141
49166
49193
49217
49217
49240
49266
49266
49347
49371
49371
49371
49371
49402
49422
49459
49459
49459
49519
49519
49575
49596
49596
49596
49613
49625
49658
49658
49685
49710
49710
49725
49732
49769
49797
49801
49801
49801
49858
49858
49888
49888
49898
49898
49939
49967
49967
49967
49967
49998
50025
50037
50037
50037
50037
50062
50070
50070
50089
50090
50117
50117
50117
50117
50155
50155
50155
50207
50339
50371
50407
50432
50432
50432
50478
50621
50652
50652
50652
50688
50706
50734
50734
50734
50787
50814
50844
50875
50908
51012
51042
51042
51042
51042
51064
51084
51105
51118
51118
51141
51167
51167
51190
51324
51330
51374
51374
51408
51408
51408
51441
51457
51457
51491
51491
51517
51517
51572
51589
51589
51589
51589
51617
51645
51645
51645
51645
51668
51703
51741
51753
51753
51768
51804
51819
51819
51819
51857
51857
51857
51882
51882
51882
51892
51935
51935
51971
51971
51995
52036
52056
52056
52056
52087
52087
52114
52114
52114
52114
52114
52125
52125
52125
52151
52151
52151
52151
52151
52176
52176
52176
52176
52176
52197
52197
52197
52197
52217
52217
52217
52236
52246
52246
52246
52253
52253
52253
52288
52320
52339
52365
52365
52365
52436
52490
52490
52490
52540
52564
52564
52691
52702
52725
52725
52734
52762
52794
52832
52864
52894
52935
52935
53004
53040
53040
53060
53086
53098
53098
53098
53098
53098
53098
53128
53128
53128
53159
53178
53200
53200
53200
53200
53200
53200
53200
53261
53261
53318
53318
53331
53353
53353
53371
53371
53388
53389
53433
53433
53460
53460
53486
53518
53549
53549
53558
53558
53558
53558
53558
53558
53558
53558
53664
53690
53690
53704
53732
53760
53760
53769
53793
53811
53811
53839
53870
53870
53881
53881
53881
53881
53881
53916
53916
53916
53963
53963
53963
53986
54017
54017
54035
54035
54064
54064
54064
54064
54064
54089
54089
54089
54089
54089
54114
54131
54153
54153
54153
54186
54193
54207
54217
54237
54272
54283
54303
54329
54329
54329
54359
54359
54359
54359
54414
54414
54414
54449
54449
54472
54553
54571
54593
54752
54775
54801
54834
54861
54861
54950
54973
54985
54985
54985
54985
54995
55012
55012
55012
55051
55051
55062
55075
55075
55141
55141
55141
55169
55190
55341
55377
55402
55419
55419
55456
55456
55483
55483
55483
55483
55483
55483
55535
55535
55535
55535
55535
55573
55573
55573
55573
55597
55597
55597
55597
55623
55659
55683
55706
55716
55716
55738
55738
55748
55748
55748
55761
55761
55859
55859
55859
55859
55859
55883
55883
55883
55883
55883
55883
55883
55883
55883
55926
55926
55926
55926
55926
55926
55926
55963
55995
55995
56030
56062
56076
56267
56285
56296
56326
56326
56349
56349
56349
56379
56434
56434
56458
56469
56498
56531
56562
56562
56581
56614
56630
56666
56666
56666
56666
56711
56749
56749
56796
56796
56796
56796
56796
56796
56839
56839
56839
56839
56869
56896
56896
56896
56927
56927
56948
56948
56948
56948
56983
56983
56983
56983
56983
57016
57048
57048
57048
57075
57075
57104
57198
57198
57244
57267
57291
57291
57291
57308
57332
57332
57332
57372
57372
57372
57372
57372
57411
57411
57411
57411
57441
57441
57441
57441
57441
57441
57492
57492
57492
57550
57550
57591
57626
57637
57664
57664
57696
57714
57714
57714
57740
57771
57790
57790
57790
57825
57825
57825
57850
57850
57862
57881
57881
57905
57921
57921
57921
57936
57964
57983
57994
57994
58005
58030
58030
58030
58030
58060
58083
58083
58083
58083
58083
58083
58136
58163
58163
58163
58163
58184
58184
58184
58277
58300
58318
58336
58336
58336
58397
58444
58479
58479
58530
58570
58606
58606
58621
58621
58621
58655
58655
58689
58689
58709
58709
58709
58709
58737
58737
58737
58737
58753
58753
58766
58766
58766
58818
58818
58837
58837
58837
58880
58911
58931
59019
59054
59075
59075
59075
59075
59115
59115
59144
59166
59166
59166
59339
59339
59339
59373
59373
59373
59401
59427
59427
59438
59438
59438
59460
59481
59481
59481
59493
59519
59519
59539
59568
59582
59606
59606
60015
60044
60044
60044
60044
60071
60095
60095
60114
60133
60133
60133
60133
60162
60191
60191
60226
60250
60250
60544
60587
60679
60714
60714
60730
60753
60764
60788
60814
60834
60858
60858
60858
60888
60888
60888
60907
60928
60935
60935
60953
60975
61008
61008
61046
61046
61046
61124
61145
61145
61197
61225
61225
61225
61262
61262
61262
61262
61301
61301
61301
61330
61330
61330
61330
61344
61367
61367
61400
61442
61476
61495
61495
61526
61526
61526
61526
61526
61526
61526
61570
61570
61590
61600
61600
61641
61641
61641
61700
61720
61720
61781
61792
61792
61840
61862
61900
61920
61936
61936
61967
61989
61989
62007
62028
62028
62028
62113
62142
62142
62222
62222
62272
62294
62294
62333
62333
62333
62359
62372
62394
62394
62394
62394
62394
62418
62418
62418
62427
62427
62427
62427
62468
62567
62665
62665
62665
62665
62679
62679
62679
62679
62679
62689
62689
62718
62718
62744
62744
62766
62791
62816
62832
62832
62964
62995
63045
63045
63045
63075
63075
63104
63104
63134
63134
63134
63134
63134
63134
63164
63164
63186
63226
63226
63226
63267
63267
63267
63307
63307
63357
63357
63357
63380
63380
63419
63419
63442
63442
63465
63465
63510
63510
63510
63562
63579
63579
63595
63595
63632
63632
63649
63649
63649
63697
63778
63794
63829
63837
63837
63837
63861
63861
63861
63887
63887
63903
63903
63925
63925
63925
63948
63948
63980
64004
64052
64097
64113
64137
64137
64137
64171
64178
64178
64178
64197
64197
64197
64212
64212
64212
64212
64212
64248
64248
64248
64248
64248
64248
64248
64306
64338
64338
64338
64368
64368
64368
64389
64389
64389
64389
64389
64409
64450
64475
64522
64566
64590
64590
64600
64600
64600
64600
64600
64600
64600
64654
64654
64654
64698
64782
64782
64782
64782
64782
64782
64802
64802
64835
64835
64869
64919
64956
64956
64956
64956
64956
64956
64989
64989
64989
64989
65010
65010
65010
65010
65010
65043
65053
65053
65064
65064
65064
65064
65064
65085
65085
65085
65125
65125
65125
65147
65177
65177
65177
65177
65177
65206
65206
65206
65257
65282
65298
65298
65327
65351
65351
65372
65372
65372
65396
65423
65446
65473
65504
65504
65504
65560
65560
65577
65592
65592
65592
65592
65639
65639
65639
65842
65932
65932
65984
66011
66011
66096
66121
66138
66138
66138
66138
66138
66191
66214
66234
66262
66286
66286
66295
66295
66333
66333
66372
66393
66393
66393
66412
66427
66429
66429
66452
66452
66467
66467
66467
66499
66499
66520
66551
66551
66592
66592
66620
66620
66636
66670
66684
66714
66714
66741
66770
66770
66806
66836
66848
66848
66848
66848
66848
66886
66886
66897
66897
66897
66897
66897
66929
66950
66969
66969
66969
66996
66996
66996
67020
67020
67027
67027
67027
67072
67072
67088
67159
67159
67179
67179
67179
67215
67254
67274
67274
67320
67320
67320
67343
67387
67387
67406
67406
67406
67434
67434
67434
67460
67460
67460
67494
67522
67522
67583
67583
67614
67631
67631
67631
67643
67643
67660
67660
67685
67707
67707
67707
67736
67757
67757
67792
67823
67823
67855
67869
67894
67894
67894
67917
67938
67938
67952
67967
67967
67967
67967
67967
67967
67967
67967
67991
67991
67991
67991
67999
67999
67999
67999
67999
68028
68028
68028
68028
68028
68028
68028
68028
68059
68059
68085
68085
68085
68085
68167
68252
68286
68286
68335
68358
68358
68358
68358
68406
68434
68434
68434
68434
68434
68434
68464
68854
68880
68880
68969
68993
69010
69024
69024
69024
69043
69334
69354
69354
69354
69354
69354
69413
69413
69413
69450
69450
69468
69468
69468
69518
69518
69518
69560
69572
69596
69596
69621
69621
69621
69642
69673
69673
69673
69696
69696
69696
69696
69696
69717
69734
69734
69734
69769
69789
69789
69838
69859
69859
69882
69882
69882
69882
69906
69912
69957
69983
69983
70031
70052
70052
70052
70052
70525
70535
70566
70608
70608
70608
70659
70686
70686
70699
70706
70706
70706
70706
70750
70750
70750
70750
70775
70775
70793
70793
70823
70823
70845
70845
70892
70892
70892
70913
70981
71025
71057
71057
71092
71092
71132
71339
71346
71379
71394
71394
71394
71394
71394
71394
71394
71394
71438
71438
71484
71500
71509
71528
71528
71548
71548
71571
71571
71571
71571
71623
71623
71623
71638
71650
71667
71667
71667
71667
71667
71709
71729
71758
71781
71809
71809
71842
71874
71874
71874
71874
71874
71874
71910
71924
71933
71959
71969
71991
71991
72024
72049
72049
72049
72063
72063
72079
72079
72103
72137
72137
72137
72137
72151
72184
72184
72225
72241
72241
72261
72261
72324
72367
72410
72410
72410
72410
72455
72495
72538
72538
72564
72564
72575
72575
72599
72628
72628
72628
72628
72628
72628
72653
72653
72653
72653
72653
72653
72705
72705
72720
72745
72784
72784
72784
72816
72816
72853
72853
72872
72872
72892
72925
72925
72925
72959
72974
73033
73033
73033
73055
73238
73238
73238
73269
73269
73326
73355
73378
73404
73404
73422
73453
73453
73453
73481
73481
73506
73508
73508
73529
73534
73534
73553
73553
73553
73553
73577
73594
73642
73642
73642
73642
73642
73766
73804
73804
73824
73824
73840
73849
73869
73869
73869
73923
73923
73945
73945
73945
73975
74010
74010
74034
74034
74034
74034
74034
74068
74068
74068
74101
74101
74101
74142
74142
74183
74199
74199
74199
74236
74263
74263
74263
74263
74263
74263
74263
74263
74380
74401
74401
74401
74416
74416
74442
74442
74459
74480
74495
74511
74511
74524
74524
74541
74606
74618
74636
74636
74636
74654
74676
74676
74676
74705
74705
74705
74741
74741
74751
74778
74778
74778
74808
74808
74808
74831
74860
74860
74860
74916
74916
74940
74941
74941
74988
74988
74988
74988
75030
75030
75087
75105
75162
75162
75191
75236
75236
75263
75291
75314
75314
75335
75353
75353
75353
75353
75353
75353
75397
75422
75422
75441
75441
75461
75461
75521
75521
75553
75553
75590
75590
75596
75617
75643
75661
75680
75699
75699
75699
75699
75699
75730
75730
75730
75730
75730
75768
75776
75800
75800
75800
75800
75833
75833
75833
75833
75898
75906
75906
75906
75906
75940
75965
75965
75965
75990
76014
76014
76036
76110
76136
76374
76394
76407
76407
76438
76448
76448
76448
76484
76502
76502
76529
76551
76551
76551
76577
76591
76591
76591
76631
76631
76631
76651
76699
76735
76748
76748
76748
76797
76797
76865
76899
76913
76913
76968
76979
76999
77019
77034
77046
77071
77071
77071
77103
77130
77157
77177
77192
77207
77245
77271
77271
77301
77316
77316
77346
77361
77361
77397
77397
77397
77427
77427
77456
77456
77456
77456
77456
77475
77483
77508
77538
77538
77584
77606
77652
77652
77665
77665
77665
77686
77703
77703
77717
77744
77744
77744
77777
77813
77831
77850
77850
77850
77850
77850
77866
77883
77883
77904
77904
77937
77937
77937
77958
77968
78001
78032
78052
78086
78086
78086
78134
78134
78134
78134
78216
78254
78254
78349
78352
78377
78409
78409
78448
78448
78448
78469
78469
78469
78469
78469
78501
78501
78533
78547
78547
78547
78547
78574
78574
78574
78574
78574
78590
78590
78603
78629
78629
78658
78658
78677
78677
78677
78942
78959
79042
79042
79122
79153
79179
79179
79179
79179
79179
79179
79227
79227
79227
79318
79318
79333
79356
79356
79356
79391
79414
79414
79414
79414
79414
79455
79455
79480
79539
79558
79566
79593
79614
79642
79642
79672
79683
79702
79702
79716
79716
79738
79738
79762
79762
79762
79762
79809
79809
79809
79809
79809
79809
79856
79887
79887
79949
79961
79995
79995
79995
80041
80066
80112
80112
80145
80170
80205
80300
80312
80355
80373
80373
80373
80395
80395
80429
80470
80470
80541
80580
80631
80631
80631
80631
80631
80682
80698
80908
80942
80987
81014
81057
81082
81130
81130
81130
81151
81151
81151
81174
81188
81188
81188
81200
81212
81253
81253
81266
81266
81344
81344
81374
81394
81402
81417
81417
81423
81423
81433
81433
81452
81452
81469
81469
81469
81502
81585
81640
81640
81640
81662
81662
81696
81696
81696
81711
81711
81730
81730
81730
81730
81764
81764
81764
81781
81781
81836
81939
81939
81939
81972
81972
81972
81985
81993
82010
82010
82010
82010
82019
82019
82019
82042
82042
82067
82067
82067
82067
82067
82096
82096
82140
82168
82168
82168
82168
82168
82168
82215
82215
82247
82268
82287
82298
82298
82319
82337
82357
82369
82410
82428
82561
82572
82630
82630
82683
82693
82709
82709
82744
82744
82800
82820
82845
82845
82868
82876
82898
82923
82923
82923
82923
82965
83043
83079
83134
83195
83195
83217
83538
83556
83569
83569
83569
83569
83618
83618
83650
83650
83650
83650
83650
83650
83650
83650
83687
83687
83687
83722
83722
83722
83722
83752
83786
83802
83819
83840
83852
83852
83883
83883
83909
83909
83933
83955
83973
84001
84028
84073
84129
84129
84129
84129
84129
84159
84171
84171
84184
84184
84212
84244
84244
84468
84484
84495
84528
84528
84546
84558
84582
84858
84858
84890
84890
84939
84986
85012
85012
85051
85068
85087
85114
85114
85141
85141
85141
85179
85209
85209
85209
85209
85209
85245
85260
85291
85291
85314
85337
85337
85358
85388
85409
85444
85444
85472
85472
85472
85472
85495
85495
85515
85515
85555
85555
85571
85571
85589
85589
85621
85621
85621
85674
85674
85674
85713
85730
85730
85793
85814
85844
85889
85889
85910
85926
85935
85948
85960
85960
85960
85982
85982
85982
85982
85982
85982
85982
86009
86009
86036
86618
86642
86653
86673
86673
86691
86781
86781
86781
86781
86838
86884
86911
86911
86933
87011
87093
87130
87148
87166
87166
87166
87166
87505
87537
87581
87581
87618
87636
87636
87636
87636
87636
87636
87659
87684
87684
87713
87733
87753
87753
87753
87781
87781
87812
87812
87828
87846
87846
87867
87867
87893
87893
87919
87946
87958
87958
87971
88002
88002
88002
88002
88072
88072
88099
88099
88121
88121
88132
88145
88237
88325
88351
88359
88655
88655
88693
88724
88742
88765
88774
88774
88790
88790
88790
88790
88819
88832
88832
88832
88886
88886
88906
88929
88959
88975
88993
89071
89071
89100
89100
89100
89113
89113
89123
89123
89123
89123
89174
89197
89207
89230
89248
89255
89255
89277
89277
89277
89311
89311
89336
89361
89361
89408
89439
89439
89439
89439
89439
89529
89557
89569
89569
89569
89598
89598
89624
89639
89639
89639
89671
89677
89689
89689
89703
89716
89732
89732
89750
89778
89778
89797
89797
89821
89855
89855
89869
90264
90952
90952
91337
91351
91351
91351
91420
91420
91420
91461
91494
91494
91507
91528
91546
91546
91577
91598
91611
91633
91642
91642
91642
91667
91677
91677
91698
91698
91737
91746
91746
91746
91746
91746
91746
91746
91793
91803
91803
91821
91847
91854
91854
91879
91879
91894
91894
91894
91904
91920
91920
92043
92043
92057
92080
92115
92115
92143
92164
92175
92175
92207
92207
92232
92254
92254
92254
92384
92384
92384
92435
92435
92468
92468
92486
92500
92604
92624
92649
92667
92667
92702
92702
92720
92736
92748
92748
92760
92760
92760
92760
92776
92776
92834
92877
92877
92877
92877
92903
92903
92903
92903
92933
92954
92996
92996
92996
93055
93055
93084
93097
93111
93160
93160
93190
93205
93205
93205
93205
93230
93230
93230
93230
93275
93297
93345
93345
93345
93371
93371
93371
93395
93411
93433
93515
93527
93541
93557
93557
93589
93589
93589
93589
93635
93635
93664
93664
93664
93739
93770
93779
93816
93816
93816
93842
93859
93867
93912
93928
93928
93928
93953
93998
94018
94100
94142
94142
94165
94208
94208
94232
94248
94248
94259
94259
94289
94312
94439
94439
94467
94503
94503
94503
94503
94503
94503
94543
94586
94624
94624
94656
94656
94701
94701
94734
94788
94788
94788
94811
94811
94836
94894
94923
94951
94969
94984
95018
95018
95035
95050
95070
95070
95099
95099
95118
95124
95168
95168
95195
95224
95261
95261
95609
95633
95644
95669
95669
95678
95693
95693
95693
95740
95740
95762
95782
95782
95782
95866
95866
95866
95866
95866
95907
95949
95976
95983
96015
96024
96042
96058
96058
96102
96102
96102
96135
96135
96135
96242
96242
96242
96242
96278
96278
96278
96295
96295
96344
96344
96344
96360
96360
96382
96382
96382
96487
96487
96504
96521
96536
96536
96557
96584
96596
96666
96701
96723
96723
96748
96770
96770
96770
96796
96810
96839
96851
96851
97072
97072
97100
97100
97134
97134
97151
97151
97185
97208
97239
97239
97258
97281
97299
97328
97339
97339
97370
97400
97400
97400
97408
97408
97420
97438
97438
97472
97487
97487
97536
97558
97558
97576
97588
97600
97635
97677
97750
97775
97775
97836
97843
97861
97871
97871
97900
97900
97900
97900
97931
97931
97931
97931
97963
97963
97963
97963
97963
97963
97995
97995
97995
97995
98064
98103
98103
98103
98158
98158
98196
98197
98233
98233
98233
98233
98287
98410
98442
98442
98442
98442
98442
98490
98490
98541
98554
98585
98632
98657
98702
98702
98702
98754
98770
98801
98818
98818
98838
98877
98897
98904
98904
98934
98934
98997
99042
99070
99121
99121
99174
99192
99206
99219
99231
99250
99250
99250
99250
99280
99320
99344
99365
99433
99433
99433
99448
99471
99486
99523
99523
99562
99562
99588
99604
99619
99619
99643
99674
99708
99708
99721
99774
99784
99798
99798
99815
99815
99815
99837
99837
99837
99837
99875
99875
99933
99950
99950
99950
99950
99984
99984
99984
99984
99984
99984
99984
100029
100029
100029
100029
100072
100098
100098
100135
100135
100135
100181
100181
100181
100202
100242
100260
100312
100335
100370
100422
100451
100504
100608
100638
100662
100682
100682
100695
100707
100707
100728
100744
100744
100744
100765
100765
100765
100788
100788
100788
100796
100811
100811
100811
100828
100849
100849
100878
100892
100892
100930
100951
100951
101028
101052
101069
101069
101069
101069
101069
101088
101103
101103
101133
101133
101133
101153
101183
101184
101184
101184
101184
101224
101224
101268
101292
101304
101323
101358
101392
101414
101414
101441
101466
101466
101504
101526
101576
101591
101613
101613
101613
101636
101636
101636
101672
101672
101672
101672
101672
101691
101711
101711
101711
101741
101763
101784
101809
101823
101849
101849
101849
101897
101953
101953
101978
102026
102044
102059
102059
102076
102107
102127
102127
102127
102157
102236
102272
102297
102297
102297
102297
102323
102323
102323
102323
102381
102391
102417
102433
102433
102433
102433
102469
102469
102469
102469
102499
102512
102540
102582
102582
102654
102676
102693
102702
102702
102721
102740
102759
102759
102759
102759
102796
102808
102826
102826
102826
102852
102852
102852
102890
102890
102910
102959
102959
102959
102959
102984
103010
103010
103027
103068
103068
103110
103110
103134
103134
103162
103204
103204
103204
103204
103204
103585
103585
103585
103585
103585
103585
103684
103684
103684
103709
103732
103751
103751
103776
103776
103799
103813
103813
103813
103813
103813
103847
103882
103911
103911
103911
103911
103958
103958
103993
103999
104028
104041
104041
104082
104082
104132
104132
104141
104141
104141
104172
104172
104172
104214
104214
104232
104251
104251
104272
104272
104272
104272
104304
104319
104319
104373
104373
104411
104421
104443
104456
104475
104537
104537
104537
104537
104565
104588
104601
104623
104650
104658
104705
104732
104748
104785
104785
104802
104929
104929
104944
104960
104974
104974
104986
105004
105175
105195
105195
105215
105215
105248
105248
105248
105248
105662
105703
105736
105736
105736
105736
105793
105811
105829
105848
105848
105870
105883
105883
105907
105927
105945
105945
105945
105982
105982
106008
106024
106047
106073
106073
106073
106098
106109
106124
106124
106124
106141
106156
106156
106156
106156
106176
106176
106176
106198
106224
106224
106261
106261
106274
106274
106274
106274
106311
106325
106353
106360
106421
106421
106445
106445
106445
106473
106473
106484
106484
106505
106526
106553
106553
106589
106602
106621
106621
106621
106643
106643
106643
106684
106684
106798
106798
106850
106861
106861
106898
106898
106932
106932
106932
106976
107416
107500
107500
107548
107580
107610
107610
107610
107650
107650
107709
107709
107718
107718
107792
107792
107826
107845
107897
107897
107897
107918
107918
107996
108026
108026
108026
108058
108083
108096
108108
108156
108179
108205
108205
108240
108265
108295
108349
108349
108349
108376
108376
108404
108404
108444
108473
108489
108489
108522
108558
108576
108606
108634
108634
108634
108634
108634
108683
108770
108770
108770
108794
108803
108818
108818
108846
108865
108893
108893
108893
108914
108914
108914
108946
109169
109217
109217
109251
109263
109263
109310
109310
109335
109351
109433
109452
109484
109532
109532
109532
109573
109573
109594
109619
109619
109643
109643
109643
109661
109680
109680
109680
109680
109742
109800
109823
109842
109878
109899
109899
109899
109955
109981
109981
109999
110015
110040
110040
110068
110100
110111
110139
110152
110174
110174
110206
110254
110254
110284
110302
110336
110355
110355
110384
110435
110476
110489
110506
110506
110506
110506
110524
110524
110544
110555
110570
110570
110570
110570
110570
110636
110685
110689
110689
110689
110718
110740
110767
110767
110799
110799
110818
110825
110825
110825
110865
110886
110910
110910
110910
110910
110910
110967
110967
110967
111020
111037
111052
111052
111052
111078
111095
111095
111151
111206
111206
111244
111262
111277
111317
111324
111344
111355
111372
111394
111415
111426
111449
111455
111468
111482
111522
111522
111546
111565
111585
111603
111603
111603
111603
111603
111651
111667
111667
111703
111735
111735
111735
111735
111766
111766
111766
111766
111766
111781
111805
111829
111829
111843
111865
111892
111892
111903
111923
111923
111965
111965
111982
111993
111993
111993
112030
112030
112047
112063
112063
112063
112093
112093
112134
112147
112147
112162
112263
112271
112271
112329
112329
112329
112365
112365
112383
112383
112383
112407
112407
112430
112530
112530
112530
112584
112704
112747
112773
112773
112810
112830
112843
112880
112880
112899
112914
113010
113010
113047
113068
113068
113068
113090
113090
113112
113153
113153
113183
113229
113289
113337
113358
113358
113433
113433
113547
113561
113561
113584
113604
113604
113644
113679
113679
113679
113701
113717
113717
113738
113738
113786
113809
113833
113848
113863
113863
113891
113916
113916
113949
113949
113949
113992
114007
114007
114034
114034
114056
114097
114097
114123
114123
114150
114226
114226
114256
114284
114284
114307
114307
114307
114345
114345
114345
114345
114345
114345
114375
114391
114415
114449
114473
114503
114527
114527
114527
114551
114551
114551
114551
114551
114590
114590
114646
114679
114679
114679
114705
114744
114744
114744
114794
114794
114804
114841
114841
114863
114863
114863
114863
114863
114863
114899
114953
114953
114991
114991
115039
115069
115086
115109
115109
115109
115127
115127
115152
115196
115197
115234
115234
115270
115307
115318
115318
115318
115336
115357
115387
115411
115474
115492
115503
115515
115515
115515
115515
115550
115570
115581
115581
115596
115596
115596
115638
115682
115706
115714
115753
115763
115763
115763
115763
115802
115802
115853
115864
115864
115900
115900
115934
115934
115957
116098
116157
116157
116202
116236
116254
116264
116286
116286
116299
116322
116322
116365
116395
116395
116395
116395
116421
116430
116440
116440
116458
116458
116477
116477
116489
116498
116498
116512
116518
116518
116529
116529
116529
116561
116561
116561
116600
116620
116642
116653
116693
116724
116724
116724
116776
116787
116787
116810
116810
116810
116922
116937
116948
116977
116995
116995
117003
117003
117003
117049
117073
117073
117073
117103
117103
117103
117121
117121
117121
117150
117150
117173
117174
117194
117194
117194
117218
117218
117258
117294
117294
117331
117331
117331
117343
117343
117343
117343
117343
117387
117427
117450
117469
117469
117469
117507
117507
117540
117540
117540
117540
117540
117540
117573
117602
117602
117621
117621
117621
117621
117652
117652
117652
117652
117688
117735
117748
117748
117775
117789
117820
117830
117896
117914
117931
117949
117968
118060
118070
118070
118113
118113
118160
118180
118210
118238
118238
118275
118303
118332
118354
118370
118370
118370
118403
118415
118427
118447
118508
118524
118598
118642
118642
118664
118682
118729
118729
118729
118827
118839
118854
118854
118876
118895
118895
118912
118933
118933
118978
119032
119032
119067
119086
119086
119105
119136
119149
119166
119166
119166
119193
119210
119210
119220
119220
119269
119285
119307
119307
119352
119369
119425
119445
119467
119483
119512
119512
119537
119603
119603
119653
119664
119664
119685
119723
119750
119790
119805
119805
119829
119861
119861
119889
119901
119901
119922
119954
119965
119999
120257
120257
120257
120257
120308
120308
120321
120321
120358
120368
120368
120368
120400
120417
120430
120445
120445
120466
120490
120503
120517
120535
120535
120544
120569
120597
120597
120622
120636
120636
120636
120670
120687
120698
120698
120718
120742
120769
120787
120787
120787
120787
120800
120800
120800
120818
120833
120846
120884
121020
121047
121070
121110
121110
121134
121134
121149
121174
121198
121230
121230
121260
121260
121260
121280
121280
121323
121323
121323
121323
121323
121323
121358
121378
121399
121423
121450
121465
121476
121476
121476
121572
121583
121626
121663
121676
121676
121676
121704
121729
121729
121746
121746
121746
121746
121786
121805
121805
121805
121805
121805
121878
121895
121922
121942
121942
121942
122002
122034
122034
122066
122066
122066
122066
122066
122112
122112
122112
122141
122141
122169
122169
122218
122218
122261
122343
122343
122399
122423
122437
122437
122470
122488
122522
122535
122535
122535
122535
122535
122577
