000001
000039
000079
000097
000112
000172
000212
000242
000300
000325
000510
000572
000584
000604
000710
000744
000755
000790
000802
000809
000859
000864
000867
000906
000959
000970
000988
001024
001070
001103
001124
001166
001283
001314
001339
001394
001464
001518
001533
001637
001683
001767
001811
001865
001875
001893
001909
001952
002011
002100
002134
002148
002192
002202
002212
002225
002232
002249
002268
002308
002312
002418
002569
002599
002651
002758
002794
002840
002944
002970
002989
003200
003214
003239
003290
003397
003530
003550
003647
003699
003755
003817
003835
003870
003935
003964
004014
004043
004125
004177
004207
004245
004263
004282
004303
004336
004348
004384
004386
004442
004490
004517
004563
004609
004676
004709
004778
004816
004825
004885
004836
004845
004860
004880
004901
004909
004923
004954
004967
004977
004981
005011
005080
005132
005146
005154
005171
005189
005228
005244
005259
005323
005325
005345
005387
005433
005473
005566
005599
005650
005681
005703
005726
005762
005770
005798
005784
005849
005929
005937
006035
006183
006222
006263
006318
006346
006359
006433
006456
006493
006547
006599
006617
006664
006677
006753
006781
006799
006806
006873
006892
006896
006925
006952
006964
007012
007040
007055
007068
007071
007085
007093
007131
007151
007163
007172
007218
007270
007285
007347
007374
007386
007441
007480
007617
007633
007833
007947
007980
008025
008147
008174
008219
008232
008239
008254
008323
008326
008381
008418
008428
008451
008461
008476
008493
008526
008542
008606
008676
008753
008767
008777
008822
008842
008848
008868
008876
008886
008894
008937
008967
009035
009047
009067
009083
009113
009143
009187
009206
009257
009279
009300
009305
009335
009385
009423
009462
009509
009548
009575
009615
009647
009664
009742
009809
009818
009853
009867
009911
009908
009926
009956
010093
010151
010172
010214
010236
010265
010294
010316
010380
010389
010424
010434
010438
010497
010508
010528
010542
010546
010550
010581
010653
010715
010768
010781
010794
010810
010824
010839
010844
010915
010970
010991
011077
011210
011299
011320
011355
011366
011385
011402
011414
011438
011512
011543
011554
011575
011632
011638
011649
011686
011660
011662
011691
011712
011733
011806
011819
011840
011848
011856
011875
011927
011967
012001
012025
012084
012132
012160
012249
012295
012318
012371
012428
012441
012474
012476
012480
012489
012522
012527
012558
012611
012670
012681
012749
012797
012841
012929
012943
012960
012976
013062
013104
013137
013222
013250
013308
013376
013394
013483
013517
013522
013548
013574
013589
013608
013639
013652
013685
013794
013808
013862
013887
013909
013950
014088
014074
014102
014137
014144
014160
014247
014243
014271
014293
014323
014409
014427
014446
014553
014624
014646
014693
014749
014779
014818
014823
014841
014868
014882
015000
015017
015040
015078
015333
015369
015390
015428
015446
015588
015600
015698
015721
015747
015751
015774
015816
015854
015871
015900
015925
015971
015998
016128
016171
016200
016216
016258
016303
016410
016504
016573
016580
016621
016701
016756
016787
016819
016822
016835
016852
016963
016987
017149
017183
017193
017200
017223
017257
017305
017351
017373
017383
017398
017407
017463
017545
017572
017581
017635
017656
017717
017740
017755
017791
017827
017841
017889
017933
017937
017985
018013
018045
018086
018103
018128
018186
018219
018254
018363
018398
018472
018474
018539
018567
018578
018641
018672
018696
018704
018722
018797
018825
018855
018881
018895
018907
018934
018969
018985
019014
019046
019080
019132
019169
019377
019400
019465
019476
019485
019538
019574
019582
019586
019594
019644
019678
019703
019747
019793
019855
019894
019898
019910
019932
019958
019974
019984
020058
020068
020111
020137
020218
020262
020284
020297
020311
020441
020443
020455
020470
020488
020512
020583
020603
020622
020656
020671
020686
020702
020731
020765
020802
020851
020866
020912
020957
020998
021028
021033
021117
021169
021181
021187
021262
021280
021316
021367
021378
021393
021402
021473
021498
021618
021640
021650
021702
021723
021782
021802
021833
021912
021956
021962
021972
021978
022083
022164
022177
022216
022249
022421
022426
022516
022544
022567
022689
022721
022727
022747
022817
022861
022917
022926
023038
023129
023148
023186
023224
023246
023390
023399
023418
023503
023542
023611
023623
023669
023707
023719
023727
023747
023766
023819
023865
023879
023918
023997
024022
024024
024061
024069
024118
024154
024183
024277
024285
024313
024323
024330
024353
024365
024389
024451
024466
024472
024583
024668
024686
024721
024735
024778
024811
024863
024871
024934
024956
024992
025013
025073
025080
025094
025159
025348
025433
025552
025581
025620
025655
025667
025688
025705
025755
025767
025840
025908
025971
026000
026081
026104
026115
026124
026175
026235
026245
026227
026262
026279
026301
026312
026346
026352
026368
026376
026418
026516
026520
026537
026570
026581
026624
026694
026698
026756
026793
026925
027084
027150
027157
027192
027284
027308
027314
027377
027385
027400
027599
027644
027745
027754
027797
027833
027847
027954
027962
028017
028081
028161
028175
028193
028207
028225
028259
028322
028341
028356
028364
028373
028481
028549
028551
028578
028594
028617
028683
028688
028827
028839
028895
028955
028971
028991
029104
029114
029137
029180
029212
029249
029290
029302
029355
029392
029424
029475
029595
029624
029667
029680
029724
029743
029753
029778
029821
029827
029855
029884
029929
029957
029978
030055
030081
030111
030145
030171
030179
030208
030275
030301
030405
030429
030536
030547
030567
030569
030587
030680
030707
030744
030747
030757
030790
030889
030877
030928
030935
030972
031058
031119
031129
031177
031220
031258
031312
031332
031376
031434
031473
031536
031563
031609
031619
031671
031685
031759
031796
031811
031815
031820
031859
031932
031956
032026
032055
032083
032114
032129
032147
032202
032318
032352
032406
032477
032485
032495
032538
032563
032615
032627
032690
032750
032782
032805
032895
032913
032935
032974
032990
033059
033132
033165
033181
033215
033265
033307
033328
033382
033422
033448
033517
033692
033736
033771
033802
033824
033834
033855
033879
033914
033929
033965
033980
034003
034049
034084
034185
034163
034240
034332
034350
034380
034413
034469
034487
034491
034502
034525
034546
034613
034673
034701
034732
034739
034751
034777
034786
034817
034869
034890
034981
035000
035015
035098
035115
035124
035187
035221
035247
035303
035329
035355
035373
035424
035487
035527
035569
035600
035621
035623
035637
035662
035676
035701
035743
035763
035777
035825
035839
035847
035916
035974
035984
036003
036043
036059
036096
036146
036186
036286
036304
036341
036388
036400
036537
036596
036610
036617
036629
036665
036705
036777
036837
036905
037004
037032
037056
037110
037151
037163
037185
037217
037295
037386
037459
037515
037731
037767
037795
037807
037817
037827
037922
037944
037953
037973
037991
038024
038089
038134
038167
038225
038276
038349
038374
038407
038485
038516
038666
038672
038686
038715
038738
038770
038870
038911
038938
038973
039122
039153
039194
039223
039299
039310
039328
039362
039373
039443
039459
039469
039489
039511
039537
039542
039575
039606
039621
039690
039722
039730
039746
039764
039776
039808
039819
039823
039825
039902
039954
040004
040155
040167
040205
040244
040261
040266
040287
040318
040336
040378
040434
040441
040524
040565
040616
040624
040669
040686
040703
040753
040782
040792
040817
040827
040936
040938
040960
041008
041070
041153
041166
041346
041475
041516
041519
041595
041601
041626
041658
041709
041731
041789
041853
041923
041965
042005
042032
042045
042077
042081
042106
042154
042343
042350
042360
042410
042494
042500
042512
042646
042678
042696
042752
042795
042835
042847
042898
042952
043062
043081
043137
043115
043123
043213
043243
043341
043348
043367
043379
043386
043435
043458
043505
043532
043540
043580
043645
043658
043677
043700
043830
043879
043903
043965
043990
044001
044041
044051
044070
044096
044129
044143
044193
044267
044437
044525
044551
044602
044625
044742
044798
044824
044868
044912
044938
044996
045036
045059
045118
045124
045194
045224
045293
045297
045305
045339
045347
045357
045369
045419
045457
045487
045499
045539
045561
045645
045662
045670
045760
045801
045811
045857
045888
045916
045945
045990
046097
046196
046202
046218
046235
046263
046254
046365
046383
046464
046479
046518
046542
046597
046626
046641
046691
046750
046772
046805
046823
046851
046943
046967
047039
047047
047070
047180
047230
047282
047328
047345
047386
047437
047508
047551
047590
047635
047643
047718
047732
047752
047806
047838
047921
047930
048004
048010
048029
048058
048047
048087
048143
048269
048319
048322
048351
048400
048430
048482
048578
048589
048592
048632
048676
048700
048774
048815
048853
048866
048921
048945
049018
049025
049046
049053
049059
049165
049229
049292
049307
049361
049374
049421
049456
049482
049466
049488
049512
049572
049681
049695
049763
049852
049928
049959
050009
050077
050112
050198
050237
050304
050345
050349
050402
050418
050474
050554
050603
050628
050660
050678
050716
050737
050768
050842
050866
050931
051040
051058
051074
051020
051030
051095
051258
051323
051356
051395
051447
051516
051575
051617
051655
051717
051745
051754
051866
051893
051959
051984
052038
052072
052187
052261
052284
052339
052465
052473
052479
052501
052592
052642
052650
052652
052667
052696
052777
052788
052829
052849
052913
052927
053037
053050
053068
053072
053101
053164
053186
053201
053236
053243
053348
053370
053454
053470
053530
053593
053651
053786
053849
053864
053884
053902
053940
053995
054010
054020
054043
054054
054131
054138
054161
054196
054210
054266
054288
054313
054329
054398
054475
054489
054532
054543
054549
054572
054592
054654
054649
054749
054763
054836
054880
054895
054920
054959
054957
054967
055043
055124
055209
055300
055309
055372
055379
055411
055429
055463
055465
055491
055496
055540
055555
055602
055654
055689
055720
055791
055814
055912
055961
055990
056018
056026
056056
056110
056167
056180
056182
056198
056228
056246
056306
056328
056415
056495
056510
056531
056626
056659
056719
056743
056758
056768
056870
057093
057105
057137
057166
057187
057205
057265
057298
057314
057322
057351
057380
057396
057461
057476
057520
057532
057546
057656
057708
057774
057788
057842
057844
057877
057959
058030
058055
058090
058110
058160
058176
058258
058291
058348
058377
058417
058581
058591
058672
058739
058758
058772
058794
058823
058861
058903
058992
059091
059120
059200
059220
059237
059265
059269
059304
059422
059435
059447
059549
059805
059864
059912
060017
060042
060076
060091
060136
060176
060229
060262
060281
060317
060353
060366
060395
060425
060473
060514
060546
060561
060582
060613
060635
060687
060712
060800
060814
060841
060935
060965
060973
061134
061223
061260
061296
061332
061347
061354
061378
061384
061401
061425
061438
061457
061465
061478
061524
061528
061617
061632
061641
061721
061772
061804
061816
061827
061864
061899
061929
061953
061995
062078
062131
062203
062223
062265
062273
062294
062339
062398
062418
062438
062466
062452
062475
062541
062575
062617
062690
062832
063022
063037
063087
063096
063107
063139
063238
063250
063267
063310
063337
063402
063412
063481
063502
063527
063548
063569
063583
063629
063668
063756
063837
063891
063906
063939
063961
063965
063981
063995
064002
064218
064253
064427
064449
064464
064501
064513
064516
064571
064591
064616
064727
064753
064760
064771
064775
064839
064841
064850
064859
064886
064931
064943
064991
065016
065027
065036
065136
065189
065201
065209
065300
065366
065393
065475
065484
065540
065598
065693
065737
065789
065817
065819
065977
066029
066048
066125
066274
066328
066355
066357
066370
066382
066417
066437
066490
066496
066612
066662
066687
066845
066931
066961
066975
067042
067124
067199
067252
067384
067426
067441
067531
067570
067576
067749
067773
067775
067784
067859
067894
067960
067984
068035
068074
068200
068227
068303
068323
068366
068398
068420
068441
068457
068498
068515
068523
068624
068731
068874
068906
068996
069048
069071
069113
069124
069148
069164
069203
069252
069260
069297
069350
069365
069379
069511
069531
069557
069569
069588
069633
069643
069765
069866
069968
070033
070080
070131
070325
070329
070426
070564
070573
070589
070641
070722
070776
070835
070863
070894
070901
070913
070939
070998
071009
071031
071162
071177
071201
071203
071239
071330
071348
071407
071453
071480
071517
071744
071770
071798
071889
071943
072062
072064
072109
072127
072161
072201
072219
072237
072292
072484
072594
072666
072700
072731
072747
072798
072805
072848
072852
072860
072931
072964
073083
073108
073153
073300
073367
073389
073461
073475
073487
073506
073528
073547
073565
073576
073626
073641
073679
073746
073849
073859
073871
073894
073953
073965
073973
073992
074035
074069
074112
074143
074216
074312
074355
074524
074581
074716
074749
074787
074799
074835
074849
074872
074935
074948
074958
074961
074995
075012
075040
075074
075158
075268
075284
075298
075388
075440
075462
075477
075537
075642
075656
075687
075823
075861
075934
075943
076002
076031
076077
076139
076151
076186
076211
076246
076265
076354
076402
076467
076475
076492
076498
076523
076576
076640
076673
076687
076759
076798
076849
076876
076879
077016
077053
077066
077075
077097
077150
077208
077216
077251
077266
077275
077306
077332
077377
077456
077527
077539
077555
077570
077579
077611
077667
077872
077890
077967
078017
078070
078095
078112
078128
078122
078154
078177
078216
078259
078337
078373
078392
078432
078487
078489
078508
078533
078550
078602
078640
078668
078673
078699
078715
078761
078769
078870
078888
078901
078921
078962
078988
079006
079077
079093
079147
079195
079197
079207
079256
079308
079376
079384
079392
079418
079492
079504
079545
079592
079721
079958
079983
080026
080064
080090
080451
080507
080525
080543
080559
080578
080613
080671
080677
080696
080709
080811
080836
080866
081049
081058
081080
081102
081170
081192
081216
081226
081244
081250
081327
081352
081410
081462
081532
081541
081554
081609
081640
081653
081693
081708
081732
081769
081771
081876
081928
081937
082197
082280
082301
082453
082515
082549
082559
082626
082649
082677
082689
082703
083143
083164
083222
083251
083267
083306
083342
083383
083411
083425
083446
083485
083600
083620
083649
083676
083690
083715
083743
083757
083765
083797
083830
083889
083913
083925
083939
083964
083997
084237
084284
084314
084323
084333
084380
084628
084641
084656
084704
084751
084762
084782
084886
084951
085087
085183
085211
085268
085290
085386
085401
085435
085471
085514
085524
085543
085571
085646
085680
085696
085698
085709
085792
085807
085959
085988
086096
086124
086162
086228
086303
086440
086493
086514
086839
086860
086870
086990
087007
087130
087135
087169
087223
087236
087289
087370
087387
087390
087399
087477
087486
087535
087543
087553
087675
087716
087789
087811
087832
087860
087870
088064
088088
088097
088209
088249
088253
088260
088263
088334
088561
088587
088601
088652
088671
088673
088725
088741
088750
088754
088813
088816
088854
088879
088954
088965
089019
089087
089367
089375
089470
089598
089716
089762
089792
089802
089814
089828
089896
089903
090081
090122
090166
090170
090175
090226
090246
090273
090293
090297
090305
090365
090451
090499
090504
090516
090527
090568
090598
090680
090916
090934
090957
090999
091045
091056
091087
091092
091331
091345
091354
091399
091436
091470
091521
091550
091590
091747
091767
091796
091899
091926
091945
091963
092236
092266
092281
092295
092325
092353
092405
092410
092427
092449
092460
092484
092504
092519
092537
092555
092584
092638
092647
092665
092670
092710
092756
092813
092841
092867
092871
092885
092913
092954
093037
093039
093077
093088
093118
093159
093214
093243
093255
093288
093298
093344
093388
093413
093425
093602
093624
093660
093777
093780
093822
093895
093992
094006
094033
094071
094130
094186
094206
094308
094354
094356
094364
094383
094410
094441
094449
094531
094590
094603
094619
094659
094661
094682
094703
094716
094862
094879
094924
095042
095064
095095
095123
095157
095165
095180
095194
095212
095232
095301
095359
095380
095413
095439
095454
095476
095489
095504
095571
095586
095597
095615
095627
095648
095691
095693
095699
095706
095755
095806
095826
095880
096245
096447
096580
096714
096734
096754
096765
096822
096835
096848
096885
096962
096964
096978
097066
097086
097113
097192
097208
097246
097276
097321
097323
097359
097417
097441
097549
097586
097601
097613
097648
097669
097711
097727
097793
097808
097830
097913
097972
097979
097996
098007
098070
098117
098138
098157
098190
098221
098243
098276
098309
098368
098392
098408
098453
098624
098643
098671
098682
098697
098726
098739
098830
098918
098926
098944
098972
098996
099022
099053
099068
099105
099134
099161
099165
099171
099182
099204
099291
099301
099306
099325
099372
099420
099422
099442
099446
099454
099478
099562
099572
099769
099801
099813
099832
099840
099848
099862
099909
100092
100109
100127
100152
100173
100185
100282
100303
100348
100402
100426
100447
100461
100476
100483
100489
100502
100528
100591
100593
100607
100654
100881
100887
100905
100920
100947
100959
101019
101021
101105
101133
101160
101171
101200
101238
101250
101292
101317
101328
101413
101453
101549
101594
101635
101671
101738
101791
101800
101833
101837
101857
101911
101931
101970
102031
102040
102061
102135
102143
102162
102225
102241
102275
102340
102358
102491
102511
102595
102634
102738
102746
102758
102774
102838
102898
102912
102929
102953
102976
103003
103081
103139
103143
103192
103216
103279
103334
103343
103383
103410
103502
103670
103745
103801
103812
103866
103910
103930
103961
103971
104020
104005
104047
104152
104181
104196
104255
104299
104318
104356
104476
104594
104656
104669
104724
104749
104807
104841
104898
104911
105001
104974
105034
105067
105099
105124
105135
105180
105289
105300
105380
105425
105562
105629
105681
105763
105776
105859
105901
105978
105993
106014
106036
106048
106056
106069
106089
106159
106174
106347
106361
106376
106386
106425
106465
106519
106663
106700
106713
106752
106807
106822
106850
106901
106933
106951
106970
107010
107020
107059
107082
107094
107111
107136
107194
107247
107262
107286
107307
107316
107332
107342
107581
107600
107619
107673
107704
107743
107756
107766
107779
107812
107823
107832
107854
107864
107888
107915
107924
107963
107965
107974
107993
108010
108022
108046
108061
108072
108080
108092
108134
108164
108660
108687
108782
108797
108835
108912
108947
109099
109133
109551
109638
109659
109717
109901
109914
109952
109964
109973
109993
110053
110066
110099
110115
110340
110355
110407
110413
110445
110460
110626
110638
110652
110724
110784
110794
110824
110841
110852
110903
110939
110980
111032
111113
111256
111296
111360
111375
111484
111498
111582
111611
111660
111694
111712
111730
111758
111775
111793
111826
111836
111851
111888
111906
111962
111967
112012
112084
112102
112115
112148
112249
112314
112426
112460
112517
112558
112604
112701
112712
112761
112808
112810
112824
112848
112873
112882
112922
112962
113012
113096
113098
113287
113319
113356
113417
113425
113451
113472
113482
113524
113544
113636
113678
113694
114081
114219
114265
114306
114611
114750
114795
114847
114913
115020
115230
115470
115474
115489
115614
115661
115694
115746
115770
115778
115783
115791
115823
115841
115862
115912
115928
115935
115989
116047
116096
116108
116159
116183
116263
116275
116314
116370
116383
116451
116520
116604
116627
116638
116666
116709
116795
116888
116902
116977
117013
117045
117033
117124
117128
117147
117156
117190
117199
117246
117287
117303
117359
117439
117473
117505
117529
117569
117673
117741
117754
117813
117824
117833
117881
117929
117943
118005
118017
118030
118041
118069
118142
118149
118160
118202
118222
118244
118251
118279
118298
118318
118357
118402
118542
118549
118571
118589
118621
118655
118684
118819
118836
118863
118883
118896
118903
118913
119098
119141
119151
119174
119186
119202
119239
119382
119400
119467
119535
119572
119611
119625
119643
119714
119788
119809
119811
119874
119895
119942
120010
120033
120049
120082
120100
120123
120142
120213
120261
120278
120308
120347
120376
120387
120401
120415
120538
120563
120602
120611
120654
120713
120742
120772
120796
120861
121020
121055
121072
121096
121139
121169
121190
121273
121501
121511
121522
121541
121569
121588
121604
121662
121696
121703
121749
121857
121874
121921
121904
122071
122198
122300
122389
122391
122402
122421
122498
122548
122573
122631
122652
122727
122818
122852
122907
123040
123092
123108
123123
123154
123218
123308
123327
123377
123445
123628
123661
123750
123772
123800
123812
123829
123837
124009
124012
124030
124123
124113
124187
124225
124247
124265
124381
124433
124449
124607
124613
124687
124694
124708
124727
124763
124787
124829
124844
124853
124898
124908
124921
124933
124954
125013
125054
125180
125197
125233
125286
125354
125401
125443
125507
125542
125613
125636
125647
125706
125708
125769
125771
125780
125830
125893
125934
125984
126053
126090
126091
126119
126123
126145
126185
126192
126210
126224
126255
126303
126327
126338
126360
126440
126448
126456
126500
126535
126554
126593
126630
126663
126712
126784
126913
126942
127022
127041
127056
127100
127107
127169
127463
127526
127575
127584
127649
127725
127755
127777
127783
127800
127814
127836
127842
127864
127891
127902
127961
127985
128015
128155
128197
128212
128251
128301
128319
128424
128488
128546
128539
128541
128571
128722
128894
128974
129008
129018
129027
129085
129128
129258
129293
129326
129382
129425
129435
129498
129561
129630
130004
130139
130148
130219
130249
130482
130509
130535
130670
130765
130806
130873
130900
130913
130937
130964
131100
131123
131135
131148
131158
131174
131186
131201
131222
131239
131324
131362
131382
131402
131417
131428
131483
131517
131610
131671
131697
131816
131889
131935
132003
132022
132079
132089
132151
132172
132193
132201
132209
132263
132288
132435
132550
132809
132857
132882
132903
132923
132937
133020
133023
133059
133115
133133
133161
133171
133185
133224
133313
133337
133382
133420
133429
133464
133532
133635
133671
133687
133706
133733
133797
133818
133862
133935
133939
133954
134032
134225
134263
134303
134328
134385
134436
134497
134519
134637
134649
134651
134664
134703
134741
134799
134808
134862
134931
134933
134973
135038
135040
135070
135112
135153
135190
135227
135252
135280
135306
135351
135373
135420
135425
135455
135464
135476
135499
135630
135643
135665
135713
135729
135802
135863
135892
136003
136040
136052
136094
136115
136125
136163
136185
136239
136266
136272
136316
136349
136366
136375
136412
136429
136448
136540
136560
136578
136589
136603
136614
136631
136652
136669
136737
136822
136840
136992
137013
137038
137080
137135
137177
137197
137293
137333
137353
137382
137456
137497
137525
137567
137569
137601
137616
137647
137787
137816
137833
137863
137892
137920
137968
138049
138090
138115
138162
138276
138282
138297
138323
138343
138353
138411
138588
138612
138626
138654
138675
138774
138813
138839
138862
138895
138897
138946
139082
139196
139270
139289
139330
139353
139395
139447
139472
139499
139530
139564
139609
139619
139632
139670
139694
139707
139762
139797
139814
139825
139838
139863
139928
140041
140088
140091
140166
140177
140182
140194
140217
140256
140267
140290
140316
140338
140350
140421
140521
140662
140976
141070
141153
141199
141256
141269
141404
141493
141514
141530
141566
141617
141699
141750
141752
141778
141796
141872
141917
142042
142143
142162
142171
142207
142402
142413
142434
142601
142665
142738
142769
142841
142866
142893
142925
142954
142969
142986
143000
143034
143042
143072
143134
143190
143237
143429
143465
143497
143568
143622
143713
143738
143757
143761
143783
143817
143856
143991
144029
144059
144066
144102
144117
144135
144232
144274
144320
144378
144411
144462
144470
144512
144531
144630
144666
144678
144699
144715
144736
144889
144930
145014
145016
145089
145102
145148
145179
145202
145247
145284
145305
145311
145336
145366
145467
145605
145624
145658
145720
145749
145791
145839
145868
145965
146026
146010
146072
146080
146093
146121
146130
146188
146262
146297
146313
146381
146432
146468
146485
146489
146538
146556
146772
146782
146810
146909
146943
146977
147003
147016
147195
147217
147230
147443
147500
147522
147568
147660
147717
147730
147752
147778
147795
147886
147898
147962
147999
148009
148051
148125
148134
148177
148186
148388
148459
148537
148640
148642
148660
148665
148694
148714
148738
148794
148814
148827
148842
148850
148859
148878
148906
148917
148959
148993
149054
149118
149146
149335
149385
149420
149473
149514
149541
149564
149607
149610
149638
149679
149691
149839
149883
149984
150073
150101
150176
150183
150195
150293
150301
150332
150386
150403
150425
150453
150493
150508
150514
150527
150566
150590
150599
150606
150647
150653
150672
150693
150699
150707
150728
150816
150832
150857
150887
151018
151080
151113
151129
151147
151174
151252
151320
151452
151522
151588
151615
151758
151774
151813
151833
151848
151883
151894
151914
151981
152054
152061
152154
152189
152224
152226
152237
152293
152379
152449
152505
152573
152645
152694
152703
152756
152805
152899
152915
152956
152967
152997
153028
153109
153196
153277
153292
153460
153464
153477
153556
153533
153568
153603
153673
153706
153729
153779
153820
153826
153894
153908
153986
153993
154025
154123
154147
154170
154181
154358
154368
154381
154477
154509
154529
154566
154750
154767
154773
154905
154937
154943
154981
155045
155095
155125
155146
155222
155289
155334
155374
155396
155409
155494
155577
155604
155637
155707
155722
155752
155963
155992
156000
156151
156196
156219
156282
156443
156450
156465
156526
156545
156555
156599
156613
156664
156758
156774
156791
156803
156839
156826
156995
157015
157026
157044
157056
157079
157102
157140
157166
157203
157324
157326
157364
157397
157424
157546
157625
157684
157697
157734
157791
157811
157849
157919
157927
158028
158070
158094
158133
158158
158165
158175
158186
158246
158285
158337
158442
158481
158508
158627
158643
158751
158761
158766
158822
158840
158853
158919
158928
158940
158948
158980
159005
159072
159080
159107
159127
159212
159286
159332
159356
159388
159396
159423
159449
159469
159512
159567
159586
159628
159654
159667
159687
159699
159737
159803
159837
159867
159908
159992
160005
160021
160031
160093
160124
160146
160156
160183
160264
160368
160372
160427
160432
160435
160612
160638
160659
160706
160718
160734
160741
160794
160934
160963
160976
160988
161028
161185
161310
161334
161348
161378
161415
161433
161477
161550
161555
161577
161610
161635
161644
161661
161676
161687
161757
161880
161929
161930
161938
161975
162055
162061
162076
162129
162221
162252
162320
162341
162362
162544
162562
162594
162655
162742
162751
162858
162912
162946
162972
163001
163017
163058
163079
163098
163122
163151
163177
163182
163235
163253
163324
163336
163371
163403
163436
163523
163554
163583
163667
163716
163732
163910
163923
163927
163966
163987
164006
164039
164101
164112
164132
164150
164159
164256
164269
164284
164366
164381
164413
164461
164482
164501
164526
164562
164590
164623
164632
164656
164694
164713
164738
164747
164778
164813
164842
164909
164927
164951
165048
165155
165224
165211
165258
165333
165352
165482
165509
165600
165665
165723
165744
165767
165799
165864
165914
165951
165965
166019
166140
166150
166216
166245
166317
166357
166401
166513
166537
166521
166568
166594
166638
166769
166785
166806
166833
166919
166936
167004
167078
167128
167191
167199
167208
167212
167229
167236
167450
167484
167498
167507
167526
167538
167567
167602
167669
167702
167717
167754
167782
167803
167837
167860
167921
167953
167966
168002
168027
168048
168073
168136
168155
168213
168256
168260
168291
168298
168325
168361
168413
168628
168635
168670
168682
168772
168829
168889
169001
169197
169239
169267
169304
169329
169347
169362
169486
169565
169592
169687
169691
169728
169745
169759
169778
169838
169858
170001
170020
170070
170142
170277
170332
170426
170438
170472
170510
170531
170549
170569
170630
170653
170663
170677
170713
170790
170844
170863
170908
170931
170950
170992
171049
171060
171170
171186
171206
171279
171376
171433
171448
171494
171520
171552
171568
171583
171592
171639
171644
171677
171735
171767
171825
171868
171911
171935
171967
171980
172023
172040
172069
172241
172304
172345
172395
172468
172505
172537
172548
172702
172718
172722
172812
172815
172859
172935
172968
172980
173016
173049
173111
173141
173168
173179
173218
173228
173269
173276
173305
173400
173416
173432
173446
173505
173556
173607
173615
173697
173736
173751
173753
173866
173884
173901
173936
173992
174006
174018
174075
174143
174177
174215
174223
174254
174303
174312
174324
174352
174393
174398
174403
174435
174461
174493
174530
174566
174573
174607
174644
174662
174696
174753
174834
174913
174928
174934
174969
175011
175026
175046
175141
175143
175172
175268
175311
175542
175595
175624
175633
175642
175812
175827
175838
175891
175906
175967
176124
176171
176309
176388
176396
176420
176480
176505
176527
176631
176726
176832
176894
176915
176968
177012
177063
177116
177141
177290
177328
177413
177419
177459
177502
177516
177543
177568
177624
177635
177649
177671
177677
177713
177744
177769
177849
177873
177887
177922
177956
177965
178037
178062
178106
178223
178316
178328
178510
178531
178548
178580
178594
178672
178691
178730
178737
178782
178833
178863
178866
178884
178929
178950
178963
178987
179004
179020
179041
179082
179102
179122
179125
179145
179213
179257
179286
179301
179324
179350
179403
179415
179478
179511
179519
179617
179635
179651
179674
179694
179718
179728
179747
179891
179900
179925
179932
179986
180016
180037
180042
180069
180077
180097
180122
180148
180167
180199
180220
180231
180286
180302
180392
180424
180441
180456
180500
180513
180532
180618
180633
180651
180711
180720
180756
180758
180878
180915
180919
180934
180973
181017
181031
181052
181065
181173
181219
181247
181262
181287
181298
181310
181339
181408
181554
181565
181575
181588
181667
181776
181785
181838
181854
181856
181906
181959
181969
181982
181986
182002
182114
182140
182166
182208
182256
182293
182321
182341
182424
182503
182555
182571
182617
182902
182942
182946
183022
183049
183117
183177
183287
183297
183416
183450
183454
183466
183475
183483
183495
183620
183639
183670
183707
183796
183803
183910
183985
184005
184095
184197
184290
184393
184398
184422
184434
184484
184513
184563
184565
184580
184825
184839
184849
184907
184943
185062
185074
185136
185250
185267
185404
185459
185494
185515
185558
185600
185621
185804
185872
185899
185914
185979
186000
186115
186163
186216
186222
186234
186250
186313
186324
186371
186582
186618
186639
186681
186847
186885
187129
187160
187192
187269
187278
187362
187507
187528
187530
187642
187689
187702
187711
187727
187736
187823
187825
187840
187888
187911
187984
187998
188056
188066
188070
188109
188138
188164
188213
188223
188290
188335
188358
188377
188407
188439
188455
188491
188542
188643
188645
188699
188715
188724
188861
188894
188909
188969
188990
189038
189105
189140
189160
189358
189364
189400
189506
189545
189560
189597
189628
189635
189687
189755
189788
189833
189839
189852
189890
189911
189938
189948
189954
189975
189996
190033
190178
190201
190231
190336
190359
190367
190447
190467
190498
190537
190547
190599
190602
190625
190646
190662
190682
190736
190763
190813
190869
190941
190956
190983
191013
191286
191256
191324
191353
191381
191481
191498
191517
191526
191560
191576
191634
191650
191724
191752
191795
191852
191885
191887
191903
191910
191920
191932
191978
191983
191993
192012
192044
192068
192134
192264
192271
192292
192417
192576
192609
192620
192635
192678
192721
192778
192801
192898
192918
192974
193195
193234
193249
193272
193293
193313
193337
193413
193428
193478
193529
193596
193661
193682
193719
193802
193847
193913
193931
193946
193969
194229
194342
194371
194488
194501
194560
194606
194646
194671
194693
194707
194727
194778
194789
194811
194818
194871
195070
195087
195095
195098
195104
195177
195200
195223
195234
195260
195308
195322
195343
195372
195475
195521
195612
195627
195939
195964
196016
196028
196050
196094
196179
196201
196234
196377
196392
196420
196429
196491
196537
196613
196643
196686
196710
196801
196881
197039
197067
197206
197218
197235
197287
197326
197368
197391
197571
197595
197601
197764
197813
197825
197831
197843
197877
197942
197973
198021
198050
198070
198072
198170
198174
198242
198250
198332
198451
198486
198497
198517
198677
198703
198720
199042
199114
199142
199163
199176
199192
199202
199259
199353
199388
199413
199566
199576
199608
199615
199648
199687
199711
199724
199749
199763
199873
199891
199925
199955
199989
200012
200024
200040
200044
200104
200344
200405
200453
200521
200512
200535
200595
200624
200631
200666
200669
200688
200700
200720
200731
200762
200777
200798
200809
200820
200830
200849
200870
200889
200897
200968
200985
201043
201046
201096
201102
201110
201132
201149
201199
201217
201230
201240
201287
201308
201321
201487
201505
201579
201617
201633
201715
201736
201745
201757
201765
201772
201795
201806
201817
201848
201867
201886
201966
201971
202044
202080
202109
202131
202155
202190
202259
202316
202366
202374
202391
202397
202415
202478
202527
202534
202541
202550
202561
202573
202609
202695
202708
202766
202822
202829
202841
202853
202886
202890
202950
202987
203069
203073
203077
203094
203133
203150
203224
203284
203327
203376
203381
203394
203430
203449
203462
203514
203540
203584
203665
203678
203712
203725
203730
203766
203774
203783
203825
203847
204042
204069
204167
204194
204210
204248
204258
204299
204423
204443
204467
204515
204600
204615
204640
204741
204748
204756
204811
204843
204861
204928
204940
204942
204974
204980
205008
205063
205104
205126
205150
205178
205187
205203
205235
205241
205286
205324
205337
205359
205389
205408
205451
205465
205477
205497
205521
205576
205601
205628
205631
205655
205708
205740
205782
205821
205830
205888
205898
205921
205943
205966
205994
206006
206009
206036
206059
206098
206122
206137
206152
206201
206206
206220
206242
206252
206295
206330
206354
206396
206402
206432
206453
206480
206505
206529
206565
206576
206617
206638
206650
206656
206685
206776
206841
206883
206896
206928
207071
207011
207013
207025
207044
207052
207077
207139
207151
207156
207172
207180
207189
207195
207213
207245
207258
207267
207294
207313
207327
207368
207405
207424
207486
207531
207626
207636
207648
207668
207675
207756
207791
207889
207919
207938
207976
208010
208030
208066
208071
208140
208302
208331
208354
208379
208452
208467
208529
208550
208589
208594
208640
208752
208802
208807
208828
208834
208855
208823
208874
208882
208889
208901
208905
208952
208997
209025
209052
209068
209086
209181
209190
209240
209244
209281
209330
209335
209380
209395
209422
209431
209448
209490
209496
209534
209560
209605
209684
209796
209800
209762
209785
209788
209793
209835
209871
209955
209971
209984
210065
210073
210099
210185
210192
210220
210258
210301
210347
210363
210376
210387
210389
210415
210419
210428
210431
210439
210445
210448
210460
210523
210557
210580
210594
210610
210634
210679
210704
210727
210744
210833
210842
210884
210890
210902
210905
210990
211013
211007
211016
211044
211090
211101
211122
211172
211184
211203
211205
211252
211286
211367
211375
211380
211521
211523
211544
211560
211573
211594
211603
211626
211717
211741
211774
211803
211827
211872
211902
211910
211939
211958
211992
212036
212141
212222
212233
212258
212286
212305
212321
212338
212340
212348
212355
212357
212374
212399
212427
212447
212477
212486
212508
212716
212816
212828
212906
212943
212947
213052
213068
213086
213107
213118
213121
213128
213152
213204
213250
213261
213267
213303
213355
213390
213400
213418
213499
213546
213584
213602
213613
213629
213694
213712
213724
213782
213807
213812
213831
213838
213857
213860
214025
214030
214087
214095
214101
214136
214181
214217
214262
214282
214346
214366
214408
214424
214439
214461
214506
214529
214552
214572
214633
214684
214799
214866
214892
214901
214938
214987
215041
215074
215105
215110
215125
215154
215170
215174
215213
215240
215267
215296
215379
215403
215452
215536
215585
215600
215627
215667
215677
215770
215778
215786
215811
215881
215896
215920
215933
215945
215989
216038
216079
216088
216109
216125
216152
216229
216276
216285
216299
216362
216369
216393
216422
216445
216466
216504
216527
216534
216554
216698
216906
217062
217083
217191
217210
217225
217242
217281
217303
217349
217376
217404
217560
217591
217600
217614
217616
217642
217658
217689
217712
217715
217726
217754
217876
217911
217945
217948
217969
217990
218011
218060
218110
218144
218178
218191
218255
218259
218265
218293
218372
218375
218406
218411
218417
218444
218481
218517
218536
218562
218565
218567
218631
218647
218687
218754
218786
218868
218875
218879
218896
218901
218906
218916
218922
218925
218942
218957
218978
219002
219018
219059
219074
219083
219107
219123
219133
219148
219163
219223
219252
219276
219291
219318
219404
219419
219483
219508
219517
219580
219637
219640
219658
219674
219700
219791
219793
219800
219808
219814
219837
219848
220060
220070
220135
220143
220275
220289
220306
220326
220347
220359
220410
220421
220482
220537
220550
220628
220656
220686
220700
220711
220745
220747
220773
220787
220851
220894
220912
220935
220988
221001
221015
221084
221112
221119
221122
221176
221205
221247
221292
221375
221424
221464
221475
221496
221647
221660
221664
221669
221769
221781
221831
221854
221894
221923
221936
221947
221986
222016
222024
222057
222156
222181
222206
222228
222313
222345
222352
222362
222409
222449
222484
222508
222515
222541
222608
222626
222651
222676
222688
222703
222724
222727
222756
222789
222801
222821
222832
222847
222855
222877
222888
222865
222868
222892
223007
223043
223075
223105
223117
223138
223199
223238
223309
223331
223361
223375
223391
223418
223426
223515
223532
223555
223565
223584
223593
223646
223613
223679
223723
223739
223801
223811
223820
223829
223832
223863
223903
223921
223968
223984
223997
224029
224050
224086
224109
224293
224343
224423
224471
224482
224510
224523
224529
224619
224628
224658
224687
224730
224790
224807
224818
224828
224845
224960
225017
225032
225067
225124
225146
225165
225175
225202
225227
225264
225321
225368
225380
225413
225426
225432
225492
225507
225563
225567
225576
225579
225587
225623
225653
225702
225708
225753
225767
225794
225831
225878
226006
226020
226049
226152
226163
226191
226200
226262
226286
226302
226340
226376
226391
226434
226438
226477
226524
226525
226529
226532
226541
226553
226594
226599
226611
226621
226647
226688
226701
226753
226774
226818
226836
226870
226878
226906
226974
227001
227025
227042
227064
227084
227102
227111
227180
227187
227193
227202
227240
227329
227354
227374
227378
227426
227449
227523
227563
227593
227654
227699
227712
227783
227837
227869
227929
228002
228022
228070
228084
228100
228136
228179
228224
228415
228428
228435
228441
228534
228544
228554
228590
228595
228603
228641
228650
228665
228684
228697
228707
228729
228766
228800
228841
228856
228885
228915
228923
228946
228977
229002
228995
229037
229044
229095
229125
229148
229167
229220
229241
229246
229259
229262
229269
229300
229316
229348
229405
229409
229433
229461
229481
229498
229500
229536
229545
229560
229607
229690
229702
229718
229752
229876
229886
230039
230097
230105
230115
230123
230126
230147
230180
230199
230219
230236
230248
230333
230360
230397
230430
230439
230462
230452
230484
230496
230537
230635
230670
230682
230699
230724
230735
230745
230775
230850
230867
230896
230914
230954
230972
231001
231016
231042
231075
231096
231208
231223
231232
231285
231301
231338
231379
231445
231481
231488
231521
231524
231531
231534
231553
231579
231566
231619
231626
231643
231652
231669
231685
231693
231699
231734
231778
231790
231812
231822
231930
231955
232040
232044
232061
232170
232209
232271
232313
232367
232372
232380
232396
232445
232456
232464
232552
232565
232598
232630
232640
232650
232664
232707
232808
232810
232850
232862
232880
232885
232903
232951
232958
233022
233102
233109
233118
233160
233124
233275
233282
233305
233338
233382
233387
233412
233434
233552
233584
233624
233655
233702
233732
233746
233759
233766
233830
233841
233882
233891
233966
233987
234007
234014
234029
234037
234099
234108
234144
234206
234217
234237
234254
234274
234310
234318
234332
234340
234381
234383
234476
234483
234493
234526
234552
234577
234614
234629
234710
234712
234730
234750
234757
234766
234771
234821
234826
234840
234876
234879
234887
234927
234996
235004
235022
235032
235057
235052
235074
235081
235095
235101
235120
235130
235135
235143
235156
235211
235215
235235
235259
235270
235294
235334
235348
235419
235483
235489
235535
235567
235583
235621
235623
235634
235675
235699
235728
235736
235833
235875
235902
235911
235920
235987
236068
236073
236079
236104
236180
236205
236237
236267
236284
236339
236358
236361
236393
236432
236467
236475
236492
236505
236542
236550
236558
236566
236578
236616
236633
236664
236677
236720
236725
236752
236767
236858
236887
236912
236943
237008
237042
237063
237066
237122
237142
237151
237230
237245
237299
237314
237329
237347
237375
237414
237443
237461
237491
237516
237564
237581
237607
237714
237734
237755
237778
237863
237897
237956
237959
237972
237989
238029
238087
238141
238209
238237
238254
238280
238282
238305
238334
238356
238390
238417
238435
238465
238487
238504
238545
238562
238597
238619
238650
238653
238720
238791
238801
238845
238857
238883
238895
238920
238965
238981
239031
239068
239137
239194
239231
239235
239246
239254
239293
239308
239319
239349
239431
239463
239490
239515
239548
239590
239617
239647
239770
239773
239842
239855
239895
239888
239910
239967
239999
240012
240034
240110
240152
240169
240175
240211
240238
240261
240231
240270
240292
240332
240396
240408
240411
240422
240450
240471
240524
240585
240609
240627
240640
240658
240763
240779
240881
240900
240944
240946
240972
241020
241043
241047
241054
241092
241106
241128
241137
241184
241253
241245
241271
241303
241380
241419
241451
241495
241510
241522
241549
241574
241587
241606
241631
241643
241657
241686
241740
241779
241791
241909
241956
241990
241999
242034
242154
242197
242207
242224
242239
242277
242300
242306
242348
242362
242367
242387
242389
242434
242454
242489
242512
242563
242582
242592
242608
242614
242657
242679
242713
242708
242751
242760
242774
242800
242848
242922
242964
243077
243092
243114
243135
243166
243180
243241
243260
243267
243299
243324
243340
243391
243414
243450
243458
243485
243501
243506
243541
243568
243591
243610
243669
243683
243694
243697
243703
243722
243757
243768
243774
243789
243817
243832
243891
243906
243943
243971
244014
244026
244044
244078
244124
244135
244172
244184
244202
244231
244264
244305
244332
244342
244373
244427
244456
244461
244484
244501
244504
244536
244575
244593
244679
244669
244709
244719
244732
244737
244740
244750
244849
244878
244947
244974
244981
244998
245020
245048
245081
245093
245138
245155
245176
245184
245213
245226
245262
245288
245294
245366
245383
245417
245407
245426
245430
245438
245440
245488
245499
245512
245526
245567
245574
245609
245729
245749
245857
245887
245931
246051
246065
246072
246114
246130
246136
246163
246178
246203
246237
246240
246268
246275
246279
246288
246302
246313
246375
246420
246446
246468
246493
246552
246581
246606
246610
246619
246704
246718
246811
246852
246896
246907
247005
247009
247041
247063
247088
247103
247156
247169
247187
247262
247264
247270
247286
247305
247321
247335
247339
247362
247368
247375
247397
247410
247430
247441
247447
247467
247485
247549
247558
247586
247597
247727
247742
247815
247807
247810
247841
247858
247910
247920
247942
247956
247981
247988
248041
248062
248094
248124
248169
248199
248213
248227
248232
248244
248334
248356
248376
248386
248395
248409
248430
248452
248465
248483
248506
248517
248528
248546
248604
248635
248739
248766
248833
248904
248886
248893
248895
249041
249158
249170
249172
249196
249223
249271
249357
249365
249382
249404
249434
249486
249446
249475
249490
249498
249560
249567
249611
249624
249643
249695
249791
249804
249827
249836
249855
249907
249914
249924
249957
249962
249981
250011
250032
250052
250057
250071
250145
250170
250217
250254
250275
250309
250325
250394
250410
250441
250461
250550
250568
250580
250593
250619
250666
250690
250692
250724
250787
250814
250873
250929
250955
250959
250975
250983
251036
251047
251076
251103
251113
251120
251180
251228
251252
251283
251316
251353
251371
251390
251396
251421
251426
251457
251500
251525
251542
251554
251596
251717
251750
251752
251769
251811
251821
251874
251889
251938
251997
252035
252041
252039
252219
252234
252269
252280
252372
252409
252460
252472
252545
252660
252745
252747
252794
252808
252824
252861
252870
252959
252976
252992
253015
253018
253040
253048
253052
253072
253096
253112
253126
253143
253146
253203
253215
253255
253395
253446
253448
253511
253516
253545
253619
253654
253668
253688
253725
253743
253788
253832
253853
253914
253980
253985
254040
254081
254144
254165
254193
254233
254235
254281
254301
254305
254342
254359
254367
254403
254436
254460
254477
254551
254569
254592
254625
254674
254704
254706
254729
254737
254757
254767
254770
254827
254921
254977
255011
255086
255139
255159
255186
255319
255433
255476
255583
255603
255611
255637
255640
255655
255695
255709
255722
255729
255780
255825
255934
255941
255953
255976
256018
256015
256026
256042
256060
256112
256142
256169
256179
256203
256221
256258
256271
256292
256314
256368
256390
256424
256442
256479
256529
256613
256653
256669
256771
256780
256826
256868
256876
256911
256945
256950
256964
256986
257026
257040
257096
257150
257154
257201
257222
257226
257237
257245
257270
257286
257321
257349
257357
257405
257415
257432
257465
257582
257607
257624
257632
257638
257650
257653
257671
257695
257699
257710
257728
257730
257813
257802
257837
257856
257891
257936
257967
257997
258008
258044
258057
258080
258082
258130
258152
258164
258209
258213
258230
258248
258316
258339
258351
258361
258379
258408
258410
258422
258430
258521
258550
258616
258639
258681
258697
258733
258752
258817
258828
258847
258851
258872
258880
258885
258888
258897
258907
258914
258940
258977
259011
259041
259088
259119
259129
259160
259168
259235
259280
259307
259328
259370
259410
259452
259468
259479
259491
259530
259536
259500
259505
259549
259552
259577
259612
259626
259657
259673
259689
259782
259796
259856
259893
259920
259925
259966
260001
260011
260035
260044
260074
260059
260066
260081
260119
260187
260259
260355
260383
260390
260421
260470
260517
260520
260565
260621
260649
260663
260687
260690
260721
260783
260792
260813
260835
260849
260853
260887
260964
261024
261066
261106
261128
261170
261194
261254
261256
261266
261293
261309
261387
261420
261424
261481
261495
261508
261589
261597
261621
261664
261674
261777
261805
261867
261900
261916
261959
261965
261979
261984
261993
262181
262208
262215
262270
262304
262342
262358
262369
262390
262411
262441
262449
262476
262482
262493
262497
262564
262588
262611
262693
262720
262743
262753
262838
262844
262856
262863
262887
262895
262942
262975
262993
263011
263022
263053
263061
263102
263117
263129
263147
263169
263175
263188
263209
263213
263332
263343
263391
263406
263420
263445
263455
263474
263497
263515
263556
263589
263651
263743
263752
263761
263779
263797
263805
263823
263843
263852
263888
263897
263919
263979
264022
264066
264096
264125
264133
264146
264220
264234
264265
264343
264377
264403
264432
264437
264464
264579
264597
264608
264631
264648
264670
264704
264726
264839
264918
264945
265011
265003
265118
265218
265243
265309
265312
265335
265370
265380
265390
265422
265448
265484
265490
265499
265501
265533
265557
265567
265644
265711
265754
265803
265812
265893
265934
265957
266012
266026
266031
266039
266053
266099
266123
266148
266161
266172
266226
266252
266305
266360
266403
266421
266448
266477
266495
266505
266537
266555
266557
266587
266617
266672
266692
266772
267048
267058
267070
267086
267163
267193
267204
267239
267281
267306
267315
267328
267435
267449
267484
267509
267522
267532
267584
267741
267743
267795
267806
267831
267883
267902
268000
268035
268068
268110
268120
268129
268202
268241
268296
268348
268356
268379
268388
268425
268436
268443
268468
268487
268496
268507
268509
268558
268562
268575
268619
268643
268674
268683
268711
268727
268775
268792
268846
268910
268924
269026
269079
269090
269111
269143
269163
269202
269209
269224
269230
269252
269300
269315
269334
269341
269378
269399
269409
269420
269432
269461
269477
269508
269579
269628
269659
269705
269739
269753
269768
269784
269824
269915
269931
270029
270074
270083
270119
270177
270183
270245
270272
270332
270349
270353
270356
270451
270463
270498
270513
270556
270593
270691
270713
270728
270736
270758
270772
270798
270833
270848
270868
270881
270907
271015
270948
270972
270974
271027
271042
271133
271223
271232
271238
271243
271270
271298
271347
271366
271433
271493
271514
271613
271632
271687
271689
271702
271719
271761
271796
271806
271819
271836
271848
271874
271957
271993
272033
272044
272071
272090
272134
272146
272159
272175
272182
272189
272197
272204
272527
272534
272582
272596
272632
272658
272667
272732
272778
272833
272921
272962
272965
272997
273022
273042
273059
273070
273090
273093
273110
273121
273138
273146
273205
273207
273213
273224
273234
273251
273261
273267
273356
273358
273371
273398
273479
273490
273496
273565
273581
273594
273606
273617
273649
273678
273695
273738
273757
273778
273817
273828
273841
273873
273885
273895
273933
273953
273984
274022
274050
274065
274072
274075
274088
274104
274152
274155
274219
274264
274281
274324
274338
274358
274456
274460
274481
274508
274547
274570
274579
274600
274631
274658
274697
274947
275021
275030
275094
275113
275137
275157
275283
275289
275299
275360
275377
275556
