1
42
82
99
99
183
211
243
315
341
535
588
611
632
742
777
777
817
817
817
889
889
889
944
998
998
1018
1067
1114
1137
1162
1211
1330
1361
1389
1450
1517
1569
1569
1697
1746
1836
1881
1919
1919
1956
1983
2027
2085
2182
2218
2233
2279
2287
2287
2287
2321
2334
2349
2401
2401
2514
2671
2702
2755
2866
2891
2951
3058
3081
3106
3327
3342
3368
3410
3523
3668
3689
3789
3843
3903
3941
3981
3981
4081
4110
4164
4189
4254
4341
4372
4410
4410
4451
4467
4509
4522
4539
4562
4621
4669
4669
4747
4794
4864
4880
4972
5012
5012
5033
5033
5033
5033
5033
5088
5088
5088
5149
5149
5149
5181
5213
5272
5339
5340
5362
5380
5399
5439
5439
5471
5509
5540
5561
5605
5647
5695
5774
5829
5882
5914
5930
5961
5999
5999
6022
6022
6082
6168
6182
6279
6436
6477
6520
6520
6606
6620
6696
6720
6731
6816
6869
6888
6936
6936
7029
7058
7077
7085
7158
7171
7171
7213
7241
7254
7290
7333
7341
7360
7367
7367
7390
7402
7434
7463
7473
7521
7570
7591
7629
7683
7683
7747
7783
7933
7933
8156
8258
8306
8341
8474
8506
8542
8563
8563
8587
8644
8644
8716
8758
8758
8786
8805
8805
8838
8872
8889
8955
9026
9105
9105
9130
9157
9193
9201
9221
9221
9245
9254
9299
9330
9400
9413
9434
9451
9473
9513
9559
9574
9633
9657
9657
9684
9684
9763
9806
9843
9890
9915
9945
10005
10021
10054
10138
10207
10207
10239
10267
10310
10310
10329
10361
10500
10562
10587
10630
10641
10683
10714
10730
10778
10814
10851
10851
10851
10923
10939
10954
10975
10975
10975
10995
11080
11152
11209
11209
11237
11237
11268
11268
11289
11353
11421
11421
11527
11647
11763
11785
11821
11833
11833
11869
11869
11908
11985
12010
12029
12051
12109
12116
12116
12139
12139
12139
12169
12189
12208
12282
12282
12322
12335
12335
12357
12417
12446
12494
12519
12577
12619
12645
12748
12793
12823
12866
12907
12950
12968
12968
12968
13000
13017
13040
13057
13128
13179
13200
13268
13318
13367
13459
13474
13474
13509
13598
13643
13678
13753
13792
13843
13908
13945
14037
14061
14082
14109
14136
14136
14172
14204
14215
14253
14355
14381
14438
14464
14487
14530
14661
14661
14690
14716
14734
14751
14839
14839
14868
14891
14922
15012
15016
15040
15161
15218
15258
15290
15349
15396
15432
15442
15461
15470
15504
15626
15626
15667
15706
15970
16007
16030
16058
16089
16208
16250
16320
16374
16397
16397
16429
16474
16502
16531
16561
16587
16599
16663
16795
16823
16851
16886
16926
16974
17089
17186
17248
17265
17308
17391
17448
17448
17482
17516
17530
17539
17664
17689
17862
17897
17897
17915
17939
17974
18023
18061
18086
18086
18086
18129
18180
18258
18281
18309
18366
18388
18447
18472
18490
18528
18548
18579
18630
18666
18666
18729
18744
18779
18834
18852
18852
18938
18949
19003
19096
19138
19223
19236
19303
19332
19332
19404
19431
19459
19459
19485
19559
19588
19622
19646
19665
19686
19714
19730
19767
19782
19812
19855
19890
19957
20154
20200
20268
20268
20289
20346
20357
20386
20386
20405
20440
20491
20517
20562
20603
20675
20716
20716
20733
20756
20765
20765
20810
20859
20897
20941
20956
21045
21088
21108
21125
21125
21262
21288
21301
21317
21336
21361
21435
21456
21476
21512
21512
21536
21554
21575
21617
21663
21714
21730
21778
21810
21868
21883
21905
21983
22046
22059
22059
22146
22162
22202
22253
22271
22271
22296
22370
22396
22522
22546
22546
22590
22632
22693
22714
22746
22818
22873
22873
22873
22897
23000
23060
23098
23142
23164
23346
23362
23434
23485
23509
23613
23660
23676
23676
23725
23813
23871
23871
24002
24097
24117
24157
24174
24219
24371
24371
24401
24490
24530
24591
24612
24664
24704
24704
24725
24746
24766
24818
24870
24885
24920
25006
25022
25037
25069
25085
25136
25162
25205
25290
25309
25320
25349
25360
25384
25397
25422
25446
25499
25499
25621
25713
25732
25768
25783
25828
25863
25907
25907
25990
26011
26027
26072
26105
26105
26155
26155
26410
26494
26625
26654
26697
26733
26733
26757
26779
26826
26849
26925
26981
27060
27080
27173
27195
27207
27219
27273
27327
27327
27327
27363
27381
27404
27416
27439
27458
27458
27483
27512
27626
27626
27650
27685
27685
27740
27791
27817
27873
27900
28049
28215
28255
28290
28328
28417
28447
28447
28516
28527
28543
28693
28798
28903
28913
28958
28980
29010
29102
29123
29184
29252
29334
29349
29368
29383
29403
29438
29504
29504
29539
29548
29558
29670
29731
29742
29770
29787
29787
29838
29884
30029
30029
30093
30151
30178
30199
30298
30328
30343
30394
30430
30468
30511
30524
30579
30613
30651
30696
30828
30858
30903
30917
30962
30982
30993
31019
31040
31066
31099
31129
31173
31206
31228
31306
31328
31367
31402
31430
31430
31469
31533
31568
31677
31702
31814
31826
31840
31840
31868
31965
31986
32012
32012
32045
32068
32169
32169
32220
32230
32256
32358
32397
32431
32477
32527
32565
32622
32643
32689
32751
32777
32856
32857
32931
32942
32992
33005
33086
33109
33140
33140
33140
33140
33263
33288
33361
33389
33422
33454
33454
33488
33545
33667
33689
33758
33832
33832
33832
33886
33886
33973
33973
34050
34106
34106
34169
34262
34273
34298
34345
34362
34381
34509
34546
34563
34596
34650
34650
34715
34771
34813
34841
34893
35093
35141
35169
35207
35233
35233
35266
35289
35328
35344
35383
35399
35423
35470
35506
35580
35580
35668
35760
35781
35806
35846
35886
35910
35910
35910
35947
35977
36054
36115
36144
36159
36159
36196
36222
36222
36241
36304
36334
36390
36446
36461
36557
36557
36583
36650
36682
36712
36752
36784
36813
36842
36896
36947
36992
37039
37068
37086
37108
37123
37150
37165
37191
37234
37234
37269
37318
37333
37342
37403
37474
37474
37497
37546
37546
37601
37652
37693
37793
37816
37855
37901
37914
38061
38121
38121
38143
38143
38180
38229
38307
38370
38440
38546
38562
38601
38658
38701
38714
38738
38771
38851
38948
38992
39074
39304
39341
39370
39370
39393
39404
39503
39518
39536
39546
39576
39603
39677
39716
39755
39796
39871
39944
39971
39994
40088
40114
40253
40253
40297
40327
40327
40371
40476
40528
40552
40592
40719
40778
40821
40835
40920
40920
40944
40982
41007
41080
41095
41108
41108
41150
41180
41180
41220
41246
41268
41332
41368
41368
41388
41417
41430
41441
41441
41441
41481
41561
41592
41656
41824
41837
41876
41913
41913
41939
41961
41993
42013
42013
42097
42121
42207
42242
42264
42310
42348
42348
42391
42443
42462
42462
42509
42509
42610
42634
42657
42707
42770
42828
42866
43052
43172
43224
43224
43313
43313
43345
43378
43426
43454
43514
43579
43643
43696
43738
43766
43780
43813
43813
43843
43892
44073
44091
44091
44157
44243
44250
44250
44392
44424
44452
44511
44545
44583
44611
44664
44711
44801
44801
44885
44885
44885
44989
45020
45121
45129
45144
45144
45164
45213
45243
45290
45319
45328
45369
45431
45450
45450
45494
45629
45679
45704
45759
45784
45804
45824
45858
45878
45905
45939
45954
45998
46059
46257
46348
46348
46429
46429
46579
46636
46663
46708
46753
46773
46818
46882
46891
46966
46966
47047
47078
47150
47150
47163
47198
47198
47198
47229
47280
47298
47347
47363
47404
47417
47506
47529
47529
47636
47636
47689
47737
47766
47799
47831
47870
47989
48091
48091
48108
48122
48153
48153
48258
48287
48371
48371
48427
48452
48482
48531
48548
48606
48650
48683
48724
48736
48765
48872
48897
48969
48979
49000
49110
49155
49223
49271
49289
49323
49385
49458
49502
49542
49581
49581
49667
49687
49708
49765
49798
49883
49893
49966
49966
49995
50003
50003
50056
50114
50228
50269
50299
50324
50375
50408
50445
50564
50564
50579
50620
50652
50689
50765
50808
50847
50861
50917
50942
50991
51026
51026
51026
51061
51171
51237
51278
51319
51360
51390
51438
51438
51485
51485
51508
51533
51597
51705
51724
51794
51887
51966
51981
52050
52119
52156
52244
52285
52352
52397
52397
52453
52472
52516
52613
52664
52685
52724
52741
52783
52805
52838
52915
52940
53007
53097
53097
53097
53097
53097
53176
53343
53409
53444
53482
53535
53609
53669
53714
53754
53819
53842
53858
53974
53997
54054
54093
54153
54172
54307
54385
54409
54466
54591
54591
54612
54635
54729
54774
54774
54791
54807
54826
54905
54932
54932
54994
55055
55055
55170
55170
55220
55220
55233
55322
55345
55361
55398
55406
55515
55538
55624
55641
55707
55771
55832
55972
56037
56053
56074
56093
56132
56184
56205
56216
56217
56251
56308
56338
56363
56392
56414
56473
56473
56499
56538
56609
56676
56703
56747
56747
56765
56789
56810
56870
56870
56971
56989
57030
57110
57122
57147
57174
57174
57201
57280
57364
57450
57534
57553
57594
57625
57645
57661
57700
57700
57700
57746
57791
57807
57855
57909
57945
57972
58036
58036
58162
58215
58255
58262
58292
58316
58378
58439
58439
58439
58468
58502
58502
58583
58583
58695
58775
58794
58816
58914
58948
59010
59033
59045
59045
59166
59391
59391
59441
59472
59492
59513
59571
59610
59624
59624
59665
59687
59711
59773
59793
59828
59851
59851
59980
60034
60103
60118
60173
60173
60201
60296
60367
60397
60433
60451
60495
60520
60608
60639
60702
60731
60773
60929
60946
61035
61083
61114
61136
61136
61192
61220
61277
61370
61456
61503
61578
61601
61601
61641
61641
61692
61816
61816
61842
61947
62208
62274
62324
62424
62455
62487
62509
62556
62598
62636
62684
62707
62744
62778
62797
62827
62858
62907
62945
62978
62999
63021
63053
63076
63129
63156
63237
63260
63285
63388
63408
63428
63594
63686
63724
63753
63782
63782
63821
63846
63853
63872
63872
63910
63930
63939
63939
63984
63984
64092
64108
64108
64204
64256
64277
64299
64315
64354
64383
64423
64446
64491
64577
64609
64705
64726
64755
64778
64800
64847
64887
64926
64948
64955
64955
64980
65037
65091
65134
65210
65337
65523
65561
65613
65632
65644
65678
65781
65781
65781
65855
65883
65949
65960
66030
66044
66079
66094
66113
66138
66186
66223
66313
66395
66446
66473
66507
66507
66534
66551
66551
66573
66796
66833
67014
67037
67050
67075
67075
67108
67136
67174
67211
67327
67354
67354
67354
67377
67413
67446
67446
67465
67493
67540
67553
67587
67628
67628
67649
67752
67791
67820
67820
67922
67990
68018
68096
68112
68170
68221
68317
68374
68422
68449
68449
68626
68679
68685
68776
68927
68989
68989
68989
69032
69045
69074
69090
69155
69155
69283
69335
69335
69526
69609
69644
69666
69734
69798
69894
69948
70080
70123
70143
70209
70277
70277
70462
70467
70489
70489
70576
70600
70680
70705
70743
70798
70924
70952
71034
71055
71078
71121
71145
71171
71195
71237
71255
71255
71367
71471
71627
71646
71754
71804
71826
71870
71870
71913
71930
71971
72008
72031
72070
72125
72141
72156
72293
72314
72341
72354
72374
72374
72430
72554
72659
72768
72829
72884
72937
73109
73109
73229
73374
73389
73406
73458
73541
73603
73663
73692
73707
73707
73744
73770
73816
73816
73852
73994
74009
74027
74046
74068
74176
74176
74255
74302
74332
74359
74604
74635
74665
74760
74800
74902
74940
74983
75005
75005
75082
75101
75120
75168
75370
75483
75563
75599
75617
75648
75686
75708
75752
75752
75765
75825
75876
75998
76016
76046
76223
76292
76303
76375
76401
76401
76426
76456
76474
76498
76498
76544
76577
76616
76685
76796
76807
76820
76844
76900
76910
76910
76948
76992
77028
77070
77070
77177
77276
77324
77498
77557
77697
77731
77767
77777
77812
77833
77860
77917
77934
77948
77954
77985
78007
78036
78065
78160
78274
78291
78291
78390
78446
78467
78492
78554
78663
78678
78710
78850
78889
78964
78964
78996
79053
79109
79163
79189
79226
79252
79263
79308
79402
79453
79504
79528
79528
79552
79578
79623
79680
79733
79750
79821
79866
79918
79946
79946
80077
80115
80115
80153
80153
80217
80293
80293
80338
80354
80354
80396
80423
80468
80553
80622
80638
80638
80638
80679
80713
80769
80972
81004
81083
81133
81188
81214
81214
81238
81238
81277
81301
81334
81387
81464
81500
81525
81566
81602
81625
81625
81651
81673
81743
81783
81783
81817
81844
81861
81904
81917
82018
82040
82040
82074
82116
82144
82163
82237
82254
82311
82362
82362
82375
82402
82480
82542
82542
82569
82596
82634
82684
82726
82773
82916
83164
83186
83235
83274
83299
83676
83734
83753
83769
83789
83805
83845
83882
83882
83927
83945
84041
84079
84111
84299
84309
84332
84349
84421
84450
84476
84487
84487
84512
84591
84591
84655
84730
84798
84798
84798
84883
84909
84929
84971
84987
85013
85041
85055
85165
85216
85226
85504
85592
85614
85767
85836
85871
85871
85938
85938
86003
86016
86031
86484
86510
86563
86602
86619
86638
86690
86728
86770
86770
86807
86847
86967
86988
87012
87031
87061
87088
87117
87132
87132
87167
87208
87270
87284
87307
87323
87349
87378
87634
87683
87712
87725
87736
87785
88039
88058
88074
88124
88174
88186
88207
88292
88382
88513
88603
88646
88709
88732
88828
88847
88882
88910
88965
88976
88996
89025
89102
89123
89154
89154
89168
89252
89252
89425
89462
89575
89604
89644
89714
89788
89934
89969
90010
90346
90368
90368
90503
90521
90640
90654
90682
90728
90759
90815
90895
90895
90895
90895
91008
91018
91040
91077
91087
91193
91249
91333
91356
91378
91407
91418
91609
91646
91646
91772
91814
91814
91814
91814
91885
92137
92165
92165
92232
92244
92255
92309
92326
92326
92326
92397
92397
92444
92471
92549
92549
92616
92687
92973
92987
93085
93218
93331
93379
93417
93417
93442
93457
93512
93512
93718
93761
93782
93782
93782
93868
93889
93889
93936
93936
93951
94014
94082
94115
94159
94172
94172
94226
94257
94345
94580
94609
94633
94676
94724
94724
94755
94755
95021
95036
95046
95093
95131
95167
95220
95250
95285
95454
95475
95500
95614
95614
95661
95661
95956
95993
96009
96024
96056
96085
96132
96145
96163
96186
96198
96219
96244
96244
96269
96294
96327
96383
96393
96393
96417
96459
96507
96537
96591
96609
96627
96642
96663
96713
96770
96801
96840
96848
96883
96926
96984
97005
97027
97062
97062
97115
97166
97187
97204
97388
97411
97445
97560
97560
97609
97671
97798
97813
97834
97878
97936
98002
98023
98106
98166
98179
98188
98208
98208
98248
98248
98351
98423
98437
98454
98495
98495
98515
98541
98555
98701
98724
98769
98896
98919
98952
98963
99016
99016
99016
99055
99055
99055
99165
99227
99239
99284
99312
99328
99351
99351
99375
99427
99466
99466
99489
99509
99533
99565
99565
99565
99593
99645
99698
99719
99775
100147
100362
100500
100627
100660
100681
100693
100730
100759
100780
100818
100884
100901
100916
101009
101030
101053
101141
101158
101198
101198
101260
101282
101319
101377
101402
101518
101556
101572
101585
101622
101644
101688
101705
101774
101790
101805
101899
101949
101969
101987
101999
102043
102114
102136
102156
102191
102224
102224
102281
102316
102378
102401
102415
102459
102639
102668
102691
102706
102725
102745
102770
102826
102941
102964
102983
103012
103025
103055
103098
103114
103148
103148
103188
103188
103219
103232
103251
103345
103345
103358
103372
103431
103470
103484
103505
103505
103519
103544
103634
103634
103849
103868
103895
103905
103924
103932
103932
103996
104187
104205
104224
104250
104257
104284
104385
104403
104454
104511
104536
104558
104572
104584
104595
104595
104617
104636
104697
104712
104724
104771
105010
105010
105035
105051
105079
105088
105130
105157
105246
105251
105302
105302
105340
105383
105396
105432
105466
105478
105563
105605
105706
105732
105732
105830
105904
105958
105958
106003
106003
106028
106085
106106
106133
106210
106210
106230
106319
106319
106343
106389
106429
106465
106533
106552
106671
106694
106795
106824
106946
106955
106955
106982
107051
107104
107104
107130
107165
107194
107222
107302
107344
107366
107417
107442
107508
107565
107575
107603
107644
107718
107900
107991
108046
108046
108105
108146
108167
108167
108226
108261
108261
108304
108412
108442
108458
108520
108565
108565
108619
108749
108872
108939
108953
108999
109026
109095
109131
109190
109204
109250
109250
109330
109364
109398
109410
109436
109468
109597
109609
109688
109739
109866
109953
110001
110091
110105
110192
110229
110319
110335
110357
110380
110388
110388
110410
110437
110491
110519
110707
110722
110722
110722
110788
110815
110889
111039
111078
111092
111133
111181
111181
111234
111287
111322
111341
111353
111403
111403
111456
111481
111491
111512
111538
111595
111654
111670
111695
111717
111727
111744
111755
112005
112025
112045
112098
112130
112156
112189
112189
112213
112247
112247
112268
112282
112302
112315
112347
112364
112381
112407
112407
112436
112454
112467
112492
112508
112520
112529
112529
112585
112617
113134
113162
113261
113277
113318
113397
113417
113584
113627
114063
114155
114177
114236
114426
114426
114455
114484
114504
114525
114575
114601
114624
114646
114891
114907
114954
114954
114993
115013
115189
115189
115216
115291
115335
115335
115395
115413
115425
115470
115516
115560
115614
115696
115822
115884
115957
115973
116086
116086
116189
116220
116248
116292
116326
116345
116374
116392
116411
116446
116446
116472
116495
116518
116564
116590
116642
116692
116721
116751
116786
116891
116936
117073
117109
117154
117212
117247
117359
117371
117422
117449
117473
117488
117513
117539
117549
117592
117633
117681
117765
117777
117975
118006
118045
118104
118122
118150
118173
118184
118223
118243
118343
118367
118367
118771
118949
118982
119033
119350
119500
119544
119600
119669
119775
119957
120245
120245
120260
120378
120448
120483
120538
120564
120573
120573
120587
120621
120640
120662
120713
120732
120732
120795
120855
120907
120920
120951
120998
121081
121094
121135
121193
121207
121278
121345
121439
121463
121463
121499
121545
121638
121735
121750
121829
121853
121875
121875
121968
121986
122004
122004
122025
122055
122109
122153
122170
122230
122313
122348
122381
122392
122427
122556
122612
122641
122702
122702
122723
122768
122824
122839
122905
122905
122924
122943
122961
123032
123057
123068
123113
123131
123148
123165
123194
123214
123232
123276
123324
123436
123473
123501
123520
123543
123588
123588
123750
123778
123806
123824
123841
123841
123859
124051
124095
124095
124130
124143
124160
124200
124349
124368
124400
124506
124532
124583
124598
124617
124691
124769
124769
124793
124847
124882
124930
125001
125025
125042
125076
125095
125119
125119
125205
125263
125281
125312
125353
125364
125395
125406
125406
125539
125579
125594
125629
125659
125724
125765
125796
125821
125888
126052
126089
126107
126132
126177
126177
126224
126312
126535
126563
126563
126590
126624
126644
126661
126707
126756
126766
126789
126914
126940
126975
126975
127129
127270
127382
127458
127477
127477
127503
127589
127641
127667
127727
127749
127827
127921
127957
128011
128139
128207
128224
128240
128272
128336
128432
128432
128499
128567
128733
128793
128882
128918
128918
128959
128977
128977
129164
129164
129186
129272
129272
129349
129380
129409
129430
129549
129603
129603
129756
129788
129854
129854
129886
129902
129938
129968
129985
130015
130037
130084
130095
130109
130122
130144
130192
130247
130380
130398
130435
130490
130557
130607
130619
130719
130746
130829
130853
130853
130909
130929
130981
130995
130995
131050
131122
131165
131214
131274
131317
131317
131353
131353
131366
131392
131434
131453
131468
131483
131551
131569
131588
131611
131691
131691
131712
131757
131770
131801
131837
131885
131921
131979
132055
132163
132213
132302
132318
132338
132368
132368
132451
132760
132829
132880
132880
132953
133035
133066
133066
133092
133105
133127
133139
133139
133180
133202
133220
133282
133304
133335
133485
133520
133545
133566
133618
133644
133765
133827
133877
133877
133877
133903
134074
134253
134342
134365
134388
134388
134437
134501
134603
134665
134689
134764
134809
134809
134886
134945
135025
135408
135542
135558
135642
135673
135918
135946
135970
136093
136211
136254
136324
136352
136366
136387
136409
136563
136578
136600
136614
136614
136641
136641
136669
136691
136709
136798
136839
136860
136881
136897
136909
136966
137000
137101
137165
137192
137298
137390
137438
137502
137524
137591
137602
137667
137689
137713
137713
137730
137786
137786
137965
138085
138340
138406
138421
138455
138476
138491
138577
138577
138617
138675
138694
138723
138723
138748
138789
138857
138887
138954
138994
138994
139024
139106
139220
139258
139275
139295
139323
139389
139411
139457
139519
139519
139549
139625
139822
139837
139914
139930
140000
140049
140117
140140
140245
140275
140275
140291
140331
140370
140428
140440
140496
140569
140569
140602
140679
140679
140679
140752
140793
140835
140874
140900
140929
140937
141004
141027
141076
141076
141114
141124
141134
141155
141298
141312
141332
141384
141401
141478
141541
141571
141688
141726
141739
141784
141806
141806
141844
141878
141934
141954
141969
141993
142049
142067
142077
142115
142133
142153
142248
142248
142289
142301
142316
142316
142343
142367
142385
142448
142544
142558
142720
142742
142768
142813
142872
142916
142937
143037
143045
143091
143130
143207
143250
143279
143300
143325
143358
143374
143398
143552
143582
143600
143632
143662
143691
143740
143822
143862
143896
143946
144040
144070
144070
144112
144133
144144
144195
144392
144417
144432
144442
144478
144576
144627
144627
144678
144693
144715
144766
144904
145029
145102
145128
145170
145194
145222
145293
145320
145348
145380
145416
145455
145455
145476
145518
145552
145566
145623
145660
145678
145678
145703
145703
145790
145914
145914
145965
146009
146009
146058
146071
146093
146123
146146
146146
146179
146209
146233
146307
146401
146552
146883
146972
147066
147109
147172
147186
147323
147422
147444
147461
147500
147521
147626
147661
147690
147717
147736
147812
147827
147988
148098
148118
148128
148157
148368
148380
148402
148576
148637
148720
148753
148829
148851
148883
148916
148946
148962
148980
148980
149004
149038
149056
149134
149191
149241
149442
149480
149513
149582
149640
149737
149763
149763
149763
149810
149846
149887
150028
150052
150078
150078
150139
150158
150177
150278
150284
150284
150423
150468
150519
150531
150575
150595
150693
150737
150737
150760
150788
150810
150968
151011
151089
151101
151165
151183
151238
151254
151293
151341
151371
151386
151408
151434
151459
151572
151699
151736
151736
151836
151863
151910
151959
151959
152089
152118
152118
152198
152198
152198
152249
152259
152308
152357
152418
152443
152506
152572
152610
152625
152625
152651
152702
152914
152914
152958
153064
153105
153140
153140
153177
153364
153364
153396
153610
153682
153705
153747
153841
153907
153918
153940
153972
153991
154065
154065
154160
154204
154215
154258
154325
154345
154374
154392
154597
154645
154747
154864
154864
154877
154894
154928
154949
154974
155032
155044
155067
155083
155092
155102
155117
155117
155117
155205
155234
155264
155369
155399
155582
155646
155683
155738
155781
155810
155828
155879
155879
155912
155949
155968
156121
156139
156273
156366
156395
156472
156472
156472
156586
156586
156620
156683
156706
156728
156758
156789
156815
156815
156828
156876
156901
156901
156918
156959
156968
156988
157005
157005
157025
157047
157140
157140
157182
157214
157350
157415
157449
157466
157466
157509
157590
157662
157799
157867
157943
157967
158119
158136
158172
158190
158214
158236
158262
158283
158353
158426
158438
158534
158571
158593
158593
158621
158675
158769
158841
158899
158968
159039
159096
159106
159161
159201
159311
159328
159371
159371
159408
159444
159531
159621
159705
159721
159896
159896
159910
159969
159969
160007
160045
160114
160152
160170
160223
160264
160264
160347
160347
160444
160444
160485
160588
160613
160637
160649
160834
160834
160834
160959
160992
161014
161052
161245
161263
161263
161407
161425
161444
161488
161544
161600
161638
161660
161736
161808
161854
161892
161917
161917
162021
162108
162136
162170
162243
162243
162289
162510
162526
162549
162704
162747
162775
162845
163007
163021
163037
163101
163121
163121
163177
163177
163245
163321
163360
163360
163390
163409
163409
163589
163610
163610
163638
163638
163672
163698
163728
163750
163801
163935
163935
163977
164011
164030
164130
164248
164310
164324
164359
164424
164445
164484
164547
164547
164669
164713
164738
164778
164778
164811
164811
164833
164884
164936
164990
165099
165132
165169
165293
165310
165422
165422
165439
165497
165516
165530
165599
165599
165599
165627
165643
165688
165751
165766
165794
165815
165863
165977
166017
166051
166084
166093
166121
166147
166157
166201
166271
166291
166335
166364
166378
166399
166412
166452
166521
166549
166588
166624
166710
166710
166750
166761
166826
166859
166877
166893
166921
167006
167116
167116
167179
167179
167179
167371
167398
167413
167467
167467
167497
167497
167559
167705
167721
167747
167747
167803
167967
168070
168116
168116
168159
168205
168224
168268
168337
168353
168376
168404
168436
168446
168464
168464
168491
168549
168666
168717
168717
168752
168777
168874
168874
168896
168943
169047
169079
169149
169171
169193
169377
169400
169420
169497
169588
169588
169710
169767
169802
169827
169860
169872
169920
169942
169942
169987
170017
170044
170044
170069
170123
170182
170209
170222
170262
170313
170402
170435
170454
170552
170603
170620
170805
170818
170818
170862
170884
170904
170944
171010
171022
171043
171043
171071
171163
171185
171201
171277
171303
171335
171383
171410
171430
171457
171495
171495
171558
171568
171581
171633
171653
171679
171689
171711
171757
171778
171858
171877
171902
172004
172115
172171
172171
172208
172297
172320
172457
172485
172568
172647
172708
172730
172746
172788
172850
172888
172948
172948
173002
173120
173155
173223
173254
173329
173371
173417
173516
173536
173536
173566
173613
173663
173800
173800
173839
173868
173957
173971
174046
174110
174175
174234
174251
174261
174261
174261
174261
174492
174546
174546
174570
174570
174602
174632
174651
174725
174772
174788
174828
174857
174879
174914
174938
174993
175036
175050
175088
175088
175127
175162
175209
175231
175308
175351
175351
175386
175386
175425
175451
175508
175743
175743
175770
175791
175895
175954
176015
176119
176335
176379
176408
176447
176474
176493
176509
176632
176721
176721
176830
176851
176873
176907
176921
176935
177003
177018
177162
177195
177247
177322
177462
177520
177616
177616
177667
177708
177730
177749
177759
177829
177829
177867
177867
177918
177998
178023
178073
178123
178147
178167
178211
178270
178270
178380
178411
178432
178499
178615
178663
178684
178733
178765
178792
178792
178826
178826
178883
178883
178926
178992
179017
179086
179114
179176
179176
179234
179248
179287
179311
179329
179521
179586
179605
179681
179753
179795
179825
179837
180003
180003
180024
180113
180113
180156
180246
180282
180295
180321
180367
180432
180464
180492
180504
180545
180556
180593
180607
180626
180737
180754
180771
180786
180847
180847
180951
180960
181045
181071
181092
181104
181202
181239
181239
181291
181351
181366
181366
181437
181507
181543
181582
181582
181623
181662
181683
181696
181725
181768
181768
181768
181806
181824
181873
181912
181935
181957
181992
182028
182046
182087
182146
182229
182301
182301
182334
182371
182406
182426
182451
182520
182551
182581
182676
182721
182970
183025
183055
183065
183075
183251
183264
183279
183334
183350
183411
183580
183615
183772
183843
183862
183882
183945
183971
183998
184103
184212
184310
184385
184411
184467
184505
184567
184622
184648
184742
184834
184931
184938
184979
185001
185038
185066
185086
185152
185164
185164
185190
185190
185240
185278
185304
185356
185389
185414
185463
185495
185509
185581
185581
185656
185760
185872
185872
186074
186093
186093
186148
186163
186235
186261
186261
186311
186340
186407
186407
186444
186444
186482
186533
186547
186572
186572
186596
186628
186672
186693
186693
186693
186737
186809
186856
186887
186903
186919
186940
187003
187023
187089
187104
187132
187235
187254
187271
187289
187316
187329
187352
187366
187515
187530
187546
187546
187614
187653
187675
187681
187695
187719
187741
187767
187794
187810
187848
187870
187870
187938
187955
188046
188076
188101
188117
188164
188164
188197
188286
188301
188321
188369
188392
188416
188432
188556
188595
188595
188615
188657
188700
188719
188737
188755
188867
188915
188933
188960
188986
188986
189010
189040
189111
189263
189275
189275
189295
189382
189471
189501
189545
189564
189579
189631
189686
189697
189697
189697
189731
189826
189870
189901
189945
189945
189996
190053
190081
190167
190209
190264
190318
190365
190660
190673
190706
190769
190813
190871
190939
191036
191067
191193
191228
191228
191228
191255
191264
191277
191406
191426
191458
191497
191561
191561
191706
191784
191784
191877
192006
192103
192209
192215
192241
192254
192307
192338
192368
192392
192408
192664
192678
192690
192749
192773
192911
192924
192965
193100
193122
193267
193325
193362
193374
193429
193473
193495
193685
193752
193781
193800
193860
193860
193968
194052
194112
194112
194131
194148
194206
194225
194275
194493
194493
194537
194596
194769
194786
195061
195093
195112
195206
195216
195303
195435
195463
195478
195585
195644
195644
195664
195664
195693
195733
195785
195801
195851
195851
195949
195964
196025
196025
196040
196076
196106
196138
196168
196195
196269
196316
196341
196356
196393
196416
196441
196481
196515
196625
196642
196692
196692
196725
196868
196904
196920
196971
197004
197044
197104
197160
197181
197383
197383
197430
197536
197581
197597
197635
197668
197668
197726
197800
197835
197878
197889
197903
197942
197964
197992
197992
198009
198031
198053
198092
198245
198265
198300
198405
198414
198444
198523
198547
198580
198617
198617
198669
198669
198712
198731
198751
198772
198822
198842
198908
198940
199040
199054
199084
199103
199366
199366
199437
199462
199497
199601
199601
199639
199639
199675
199699
199760
199767
199857
199886
199931
199973
200006
200028
200045
200045
200063
200076
200124
200130
200141
200150
200180
200213
200291
200405
200434
200456
200585
200740
200782
200797
200813
200858
200888
200957
200985
201085
201106
201158
201392
201425
201449
201473
201495
201511
201542
201620
201636
201687
201731
201808
201876
201898
201938
202013
202073
202141
202160
202172
202172
202464
202565
202606
202734
202748
202810
202829
202894
202922
202948
202963
202984
203009
203046
203071
203071
203133
203341
203341
203362
203371
203378
203446
203479
203499
203515
203542
203592
203592
203613
203647
203766
203815
203913
203929
204252
204278
204328
204347
204370
204411
204505
204528
204547
204710
204726
204755
204765
204824
204867
204956
204988
205033
205058
205153
205217
205381
205429
205563
205586
205604
205659
205684
205726
205767
205953
205978
205978
206154
206201
206201
206223
206237
206260
206339
206361
206421
206449
206464
206464
206578
206578
206654
206663
206726
206865
206912
206924
206944
207106
207129
207155
207497
207572
207601
207601
207632
207632
207663
207723
207822
207858
207884
208033
208033
208059
208092
208126
208159
208159
208204
208230
208246
208343
208379
208410
208443
208477
208504
208517
208517
208538
208600
208847
208911
208963
209024
209024
209048
209079
209122
209146
209179
209179
209198
209220
209220
209252
209284
209284
209284
209284
209335
209354
209365
209394
209416
209425
209487
209511
209573
209573
209603
209639
209639
209670
209688
209740
209759
209759
209759
209831
209850
209850
210032
210054
210122
210168
210185
210268
210290
210300
210300
210320
210320
210352
210364
210376
210408
210425
210448
210511
210511
210604
210649
210675
210702
210702
210758
210833
210893
210944
210944
210963
210974
210994
211045
211109
211109
211109
211129
211145
211145
211169
211280
211297
211357
211415
211415
211415
211449
211474
211474
211535
211572
211655
211678
211678
211700
211736
211751
211832
211900
211934
211998
212004
212005
212052
212075
212089
212141
212168
212215
212295
212295
212329
212329
212365
212402
212402
212420
212453
212472
212686
212711
212817
212817
212861
212886
212909
212950
213078
213101
213113
213172
213265
213282
213294
213412
213412
213425
213478
213521
213521
213609
213609
213609
213630
213660
213692
213743
213770
213806
213839
213863
213863
213894
213919
213919
213980
214019
214030
214056
214087
214107
214151
214151
214175
214175
214209
214266
214296
214323
214323
214358
214417
214450
214493
214518
214543
214570
214570
214633
214660
214660
214713
214713
214729
214755
214782
214824
214824
214864
214864
214929
214929
214950
214973
214984
215028
215058
215076
215119
215141
215175
215197
215225
215251
215276
215313
215313
215348
215384
215384
215384
215413
215515
215596
215640
215654
215683
215771
215771
215771
215771
215771
215771
215838
215890
215914
215914
215932
215932
215953
215953
215979
215979
215979
216034
216060
216082
216082
216139
216172
216192
216260
216307
216407
216418
216418
216446
216446
216529
216552
216678
216708
216724
216765
216791
216824
216863
216863
216940
217113
217143
217167
217182
217266
217266
217341
217368
217407
217407
217437
217575
217616
217633
217650
217650
217650
217650
217688
217711
217711
217711
217711
217763
217829
217854
217874
217894
217923
218018
218018
218066
218066
218125
218175
218175
218218
218242
218267
218267
218287
218315
218346
218383
218413
218460
218544
218627
218627
218627
218627
218627
218627
218702
218739
218817
218842
218856
218919
218946
218973
219043
219072
219094
219141
219186
219233
219233
219233
219275
219275
219304
219304
219304
219304
219329
219329
219329
219329
219408
219438
219461
219461
219461
219515
219560
219602
219602
219645
219736
219746
219746
219746
219795
219810
219861
219900
219900
219924
219948
220002
220014
220036
220075
220100
220120
220120
220155
220190
220283
220283
220303
220421
220451
220451
220489
220503
220503
220529
220558
220639
220639
220712
220742
220742
220813
220846
220846
220885
220899
220941
220981
221090
221175
221190
221217
221246
221246
221276
221300
221300
221300
221318
221318
221318
221352
221378
221378
221445
221445
221467
221698
221801
221814
221866
221933
221933
222028
222062
222081
222103
222103
222118
222118
222150
222203
222250
222250
222268
222300
222359
222395
222395
222424
222508
222556
222592
222616
222616
222644
222711
222730
222738
222779
222821
222835
222846
222846
222873
222886
223025
223062
223116
223116
223116
223171
223218
223251
223281
223281
223387
223387
223427
223468
223484
223484
223543
223576
223576
223612
223684
223737
223857
223927
223949
223964
224002
224053
224088
224143
224176
224176
224176
224228
224241
224241
224284
224317
224317
224368
224459
224481
224509
224614
224672
224672
224716
224716
224716
224844
224844
224879
224905
224977
224989
225010
225031
225045
225090
225141
225162
225193
225212
225232
225260
225322
225387
225387
225412
225479
225479
225511
225541
225541
225584
225626
225639
225639
225665
225823
225960
226205
226227
226319
226358
226374
226392
226429
226454
226505
226505
226560
226722
226758
226758
226758
226758
226801
226828
226860
226860
226860
226898
226927
227014
227089
227108
227128
227150
227172
227194
227245
227278
227325
227351
227381
227446
227446
227446
227469
227550
227571
227603
227603
227613
227643
227683
227683
227739
227739
227769
227769
227834
227855
227896
227966
228000
228086
228086
228098
228116
228116
228116
228116
228116
228146
228164
228164
228201
228201
228239
228284
228284
228309
228334
228334
228357
228377
228393
228421
228477
228509
228509
228553
228642
228658
228711
228746
228759
228802
228876
228876
228896
228922
228940
229034
229034
229034
229034
229064
229085
229085
229322
229335
229394
229412
229536
229536
229569
229593
229623
229636
229689
229701
229759
229818
229835
229915
229935
229973
229973
230003
230028
230028
230062
230082
230148
230193
230193
230236
230291
230305
230320
230391
230400
230427
230427
230484
230517
230538
230606
230683
230731
230763
230763
230808
230968
230981
230981
230981
231063
231107
231158
231182
231223
231252
231268
231268
231315
231343
231357
231395
231496
231522
231541
231556
231662
231690
231690
231711
231762
231804
231837
231863
231863
231902
231970
231991
231991
232027
232027
232067
232067
232095
232125
232125
232175
232194
232194
232223
232223
232241
232241
232241
232241
232270
232387
232418
232450
232479
232479
232479
232577
232629
232703
232703
232742
232763
232788
232808
232808
232898
232934
232934
232968
232968
232968
233012
233012
233066
233131
233148
233191
233223
233223
233223
233245
233277
233313
233337
233386
233386
233386
233446
233472
233509
233533
233721
233752
233858
233908
233908
233949
233949
233969
234048
234071
234089
234133
234175
234219
234219
234267
234267
234298
234416
234447
234479
234517
234586
234609
234609
234609
234666
234692
234730
234789
234825
234850
234884
234898
234898
234935
234984
235042
235042
235042
235042
235067
235067
235119
235176
235191
235238
235238
235281
235308
235355
235496
235515
235545
235632
235662
235687
235687
235738
235789
235789
235845
235866
235898
235925
235947
235983
236027
236027
236027
236044
236053
236053
236109
236109
236121
236121
236153
236167
236220
236266
236297
236317
236361
236394
236406
236406
236487
236533
236534
236575
236598
236619
236638
236638
236718
236718
236718
236741
236784
236876
236901
236922
236922
236976
237000
237077
237111
237149
237214
237249
237249
237336
237352
237417
237483
237573
237594
237644
237659
237676
237705
237758
237805
237951
237951
238023
238023
238124
238124
238145
238182
238182
238196
238232
238232
238232
238269
238269
238299
238326
238364
238399
238441
238457
238487
238513
238513
238550
238581
238596
238596
238634
238651
238701
238738
238760
238782
238828
238859
238859
238859
238859
238859
238918
238918
238970
239007
239034
239055
239088
239109
239127
239127
239145
239145
239185
239241
239328
239328
239357
239386
239521
239532
239690
239744
239744
239744
239744
239781
239803
239838
239838
239878
239895
239895
239996
240017
240055
240088
240088
240115
240115
240141
240141
240207
240307
240346
240346
240376
240400
240400
240422
240451
240532
240550
240574
240599
240640
240640
240688
240704
240731
240767
240789
240896
240896
240896
240974
240974
241034
241085
241153
241187
241198
241232
241232
241232
241232
241259
241279
241279
241335
241335
241355
241355
241382
241399
241413
241413
241456
241490
241507
241537
241550
241660
241674
241743
241777
241777
241908
241949
242014
242038
242113
242113
242113
242142
242193
242193
242193
242303
242317
242341
242385
242396
242396
242414
242454
242562
242562
242615
242628
242647
242647
242647
242720
242720
242783
242871
242871
242871
242897
242897
243055
243055
243055
243120
243160
243171
243197
243220
243343
243343
243403
243448
243496
243525
243525
243554
243554
243618
243618
243674
243692
243770
243792
243812
243812
243836
243845
243898
243919
243942
244017
244031
244052
244065
244086
244110
244136
244150
244150
244190
244190
244295
244295
244321
244356
244356
244386
244421
244421
244548
244548
244566
244590
244590
244607
244607
244664
244664
244684
244720
244720
244720
244773
244846
244846
244869
244884
244902
244902
244928
244936
244936
244936
244968
244968
244968
244968
245013
245058
245058
245093
245118
245118
245157
245198
245213
245285
245331
245357
245406
245440
245440
245496
245496
245496
245528
245576
245576
245576
245713
245756
245769
245794
245804
245856
245956
245956
245970
245995
246075
246102
246102
246163
246180
246239
246239
246262
246295
246334
246372
246372
246390
246390
246443
246443
246467
246467
246467
246509
246544
246553
246579
246579
246638
246666
246682
246761
246805
246831
246864
246917
246967
246967
246967
247050
247071
247071
247166
247182
247227
247245
247265
247265
247317
247357
247388
247388
247441
247467
247518
247536
247557
247667
247676
247715
247739
247829
247845
247905
247929
247929
247960
247991
248061
248117
248187
248187
248233
248260
248260
248285
248314
248314
248374
248402
248421
248448
248475
248493
248535
248553
248580
248612
248637
248648
248718
248792
248792
248849
248849
248889
248889
248914
248969
248981
249043
249081
249153
249195
249245
249256
249256
249273
249314
249333
249333
249364
249460
249493
249521
249547
249559
249623
249646
249686
249792
249818
249889
249903
249937
249937
249960
250002
250042
250064
250084
250167
250200
250229
250229
250272
250289
250289
250289
250333
250356
250397
250454
250454
250454
250486
250511
250543
250598
250637
250686
250689
250715
250734
250846
250862
250969
250989
251028
251028
251064
251113
251137
251137
251149
251187
251202
251225
251225
251263
251345
251345
251372
251406
251475
251528
251546
251609
251624
251637
251650
251680
251705
251725
251749
251749
251778
251778
251863
251885
251916
252036
252088
252118
252133
252169
252290
252321
252321
252321
252371
252414
252439
252439
252486
252486
252486
252518
252518
252575
252575
252603
252658
252710
252730
252741
252741
252764
252803
252832
252861
252861
252902
252902
252926
252950
253002
253073
253127
253214
253259
253279
253279
253327
253343
253415
253415
253442
253475
253501
253501
253570
253594
253632
253641
253662
253662
253662
253694
253755
253772
253791
253853
253875
253886
253886
253897
253912
253947
253966
253966
253985
254014
254030
254099
254099
254151
254183
254227
254241
254241
254295
254344
254356
254394
254407
254426
254426
254467
254517
254560
254574
254606
254621
254691
254691
254691
254691
254741
254742
254814
254829
254904
254904
254933
254933
254965
254965
254965
254994
255065
255108
255196
255224
255224
255248
255248
255300
255328
255347
255387
255411
255411
255441
255470
255470
255520
255520
255558
255629
255652
255678
255678
255699
255699
255712
255712
255757
255768
255791
255802
255842
255857
255886
255985
256040
256151
256151
256227
256350
256364
256364
256413
256433
256433
256467
256467
256499
256534
256534
256566
256566
256566
256594
256594
256615
256689
256736
256765
256765
256813
256838
256904
256929
256929
256942
257032
257047
257143
257186
257221
257221
257314
257350
257370
257406
257432
257446
257489
257489
257489
257612
257612
257621
257638
257657
257673
257689
257689
257715
257715
257715
257747
257768
257789
257801
257801
257801
257837
257896
257923
257952
257964
258087
258110
258178
258178
258178
258218
258236
258291
258291
258291
258332
258366
258366
258415
258415
258483
258505
258563
258590
258609
258609
258629
258642
258715
258715
258771
258788
258788
258812
258812
258856
258870
258889
258913
258925
258925
258925
259015
259048
259155
259179
259252
259292
259292
259292
259292
259464
259586
259586
259586
259627
259644
259695
259789
259789
259818
259836
259872
259885
259885
259885
259930
259930
259983
259983
260026
260067
260087
260140
260208
260248
260272
260286
260307
260336
260336
260376
260399
260416
260436
260467
260490
260503
260517
260517
260595
260622
260681
260719
260745
260780
260797
260864
260864
260917
260938
261028
261028
261028
261077
261103
261144
261172
261172
261207
261272
261282
261367
261425
261425
261425
261472
261481
261536
261536
261568
261568
261614
261614
261684
261733
261758
261790
261824
261862
261862
261887
261887
261920
261920
261945
261986
262039
262039
262066
262066
262235
262235
262235
262288
262324
262324
262385
262414
262465
262523
262540
262570
262570
262744
262767
262809
262809
262909
262956
262978
263021
263062
263215
263299
263299
263344
263344
263384
263422
263422
263509
263541
263558
263582
263582
263594
263594
263594
263637
263665
263665
263665
263717
263717
263776
263776
263834
263943
264021
264021
264095
264095
264120
264189
264244
264244
264279
264302
264336
264379
264379
264442
264504
264573
264587
264644
264686
264746
264773
264803
264834
264834
264875
264906
264906
264957
264968
264980
265001
265056
265081
265095
265167
265167
265205
265251
265299
265327
265327
265361
265370
265391
265400
265400
265462
265554
265609
265660
265725
265792
265813
265813
265981
266100
266131
266255
266276
266276
266299
266299
266326
266372
266372
266372
266372
266460
266506
266611
266625
266625
266653
266686
266686
266713
266724
266724
266781
266821
266861
266861
266880
266912
266955
266969
266991
267008
267008
267092
267127
267146
267184
267236
267322
267363
267363
267481
267495
267543
267580
267580
267631
267668
267668
267668
267668
267751
267751
267826
267882
267882
267909
267947
267947
267972
267972
268004
268021
268055
268089
268096
268140
268140
268163
268201
268324
268359
268359
268385
268385
268385
268407
268426
268451
268451
268451
268451
268451
268526
268526
268597
268616
268642
268699
268727
268765
268765
268814
268828
268849
268849
268903
268917
268941
268985
268985
269010
269029
269097
269110
269110
269146
269162
269192
269192
269210
269219
269312
269346
269415
269439
269439
269498
269535
269555
269623
269623
269656
269656
269656
269690
269690
269690
269690
269717
269717
269752
269771
269808
269844
269886
269886
269937
269974
269986
270041
270085
270115
270115
270166
270235
270267
270297
270297
270297
270330
270330
270330
270330
270373
270373
270409
270445
270460
270492
270506
270524
270617
270638
270700
270739
270739
270739
270807
270823
270823
270868
270868
270904
270904
270904
270930
270969
271043
271118
271210
271230
271253
271286
271328
271384
271384
271434
271492
271521
271521
271560
271560
271595
271658
271658
271689
271689
271718
271730
271765
271844
271894
271949
271990
272013
272013
272081
272144
272144
272144
272144
272200
272281
272315
272315
272369
272393
272407
272491
272491
272505
272562
272580
272686
272706
272767
272793
272830
272875
272875
272896
272896
272911
273104
273104
273139
273190
273216
273257
273286
273286
273317
273317
273317
273374
273399
273399
273399
273429
273502
273527
273551
273624
273624
273671
273697
273786
273786
273801
273801
273831
273846
273896
273915
273946
273968
273968
274011
274011
274043
274077
274077
274100
274122
274122
274151
274151
274151
274282
274311
274360
274374
274391
274399
274399
274430
274468
274487
274531
274565
274630
274725
274725
274744
274763
274780
274780
274809
274830
274830
274850
274886
274909
274946
275017
275059
275089
275119
275119
275119
275219
275237
275269
275326
275384
275408
275431
275445
275476
275585
275585
275625
275625
275666
275689
275724
275744
275860
275944
275965
276023
276023
276153
276257
276281
276351
276351
276378
276415
276426
276426
276470
276497
276532
276532
276550
276550
276580
276609
276609
276703
276770
276816
276863
276874
276961
276997
277027
277066
277066
277066
277111
277123
277161
277194
277216
277238
277250
277287
277327
277373
277439
277472
277505
277538
277551
277580
277598
277631
277637
277652
277683
277683
277762
277778
277876
278155
278170
278183
278194
278280
278299
278318
278358
278401
278401
278436
278438
278561
278576
278613
278640
278654
278654
278719
278854
278883
278932
278948
278971
278992
279032
279149
279159
279192
279262
279262
279278
279347
279393
279436
279481
279518
279536
279552
279591
279591
279591
279633
279655
279665
279677
279677
279723
279734
279748
279794
279794
279850
279850
279873
279895
279951
279973
280030
280080
280104
280204
280271
280283
280295
280319
280359
280400
280400
280419
280419
280452
280503
280503
280534
280543
280581
280581
280581
280624
280641
280671
280688
280717
280794
280845
280873
280925
280960
280960
280990
281004
281045
281111
281161
281259
281303
281303
281359
281417
281417
281491
281508
281578
281578
281578
281606
281704
281717
281754
281770
281814
281853
281938
281969
281992
281992
281992
281992
282056
282094
282119
282140
282154
282181
282224
282224
282224
282224
282304
282304
282413
282499
282517
282517
282529
282550
282587
282639
282659
282728
282790
282790
282909
282909
282938
282991
283005
283023
283067
283098
283113
283113
283141
283141
283183
283273
283310
283344
283344
283390
283410
283456
283457
283482
283498
283498
283510
283510
283510
283856
283870
283919
283919
283954
283954
284006
284073
284121
284174
284247
284302
284302
284345
284345
284391
284408
284408
284439
284439
284439
284467
284467
284498
284537
284560
284567
284567
284567
284603
284603
284603
284680
284717
284731
284760
284839
284839
284857
284933
284950
284950
284977
284989
284989
285051
285051
285105
285133
285150
285198
285198
285223
285257
285257
285280
285320
285320
285372
285409
285442
285458
285458
285469
285483
285483
285518
285552
285618
285664
285664
285704
285740
285761
285861
285869
285892
285921
285962
285986
285996
286018
286040
286079
286120
286367
286453
286466
286516
286551
286576
286593
286720
286720
286720
286806
286806
287004
