1
14
42
74
82
99
99
167
176
183
211
243
315
341
379
429
444
494
516
535
588
611
632
645
645
688
688
1067
1114
1137
1162
1182
1211
1450
1517
1569
1569
1652
1684
1697
1697
1727
1746
1746
1836
1881
1891
1919
1919
1956
1983
2027
2085
2132
2132
2182
2182
2218
2218
2233
2250
2279
2287
2287
2287
2321
2334
2349
2349
2366
2366
2401
2401
2451
2489
2514
2514
2552
2671
2702
2755
2755
2847
2866
2891
2951
3058
3081
3106
3121
3162
3183
3238
3272
3327
3342
3368
3368
3410
3446
3523
3590
3668
3689
3714
3756
3903
3941
3941
3981
3981
3981
4033
4081
4110
4141
4141
4164
4189
4220
4220
4254
4341
4372
4394
4410
4410
4451
4467
4482
4497
4509
4562
4571
4598
4621
4643
4669
4669
4712
4734
4747
4794
4810
4864
4880
4880
4904
4918
4949
4962
4972
5000
5000
5012
5012
5033
5033
5033
5033
5033
5088
5088
5088
5088
5149
5149
5149
5181
5213
5222
5272
5287
5329
5339
5340
5362
5380
5399
5399
5439
5439
5471
5471
5491
5509
5509
5540
5707
5755
5774
5774
5774
5829
5841
5841
5882
5914
5930
5930
5961
5975
5975
5999
5999
6022
6022
6022
6051
6051
6082
6109
6126
6168
6182
6261
6279
6347
6436
6447
6477
6520
6520
6578
6606
6620
6662
6816
6869
6888
6905
6936
6936
6936
7029
7058
7077
7085
7158
7171
7171
7213
7241
7254
7290
7306
7333
7333
7341
7341
7341
7360
7367
7367
7390
7402
7402
7434
7434
7463
7473
7521
7570
7591
7591
7618
7629
7629
7683
7683
7719
7747
7764
7783
7783
7814
7839
7933
7933
7971
8156
8213
8258
8306
8341
8440
8474
8506
8528
8542
8563
8563
8587
8587
8625
8644
8644
8644
8716
8731
8758
8758
8786
8805
8805
8955
9026
9075
9105
9105
9130
9157
9157
9193
9201
9201
9221
9221
9245
9254
9274
9299
9299
9330
9356
9383
9400
9413
9434
9451
9473
9473
9513
9527
9559
9574
9616
9633
9646
9657
9657
9684
9684
9720
9763
9780
9780
9806
9843
9873
9890
9915
9915
9945
9945
9975
10005
10021
10041
10054
10138
10175
10207
10207
10207
10239
10239
10267
10310
10310
10329
10346
10361
10371
10394
10500
10541
10562
10587
10630
10641
10641
10683
10689
10714
10730
10778
10778
10814
10828
10851
10851
10851
10873
10888
10923
10939
10954
10975
10975
10975
10995
10995
11289
11353
11367
11389
11399
11421
11421
11510
11527
11553
11553
11568
11581
11604
11604
11604
11647
11672
11691
11722
11752
11763
11785
11821
11833
11833
11862
11869
11869
11908
11985
12010
12029
12051
12109
12116
12116
12139
12139
12139
12139
12169
12189
12208
12228
12255
12282
12282
12322
12335
12335
12357
12383
12417
12446
12477
12494
12823
12866
12906
12907
12950
12968
12968
12968
12968
13000
13017
13017
13040
13057
13082
13112
13128
13133
13179
13200
13268
13318
13332
13367
13391
13442
13459
13474
13474
13509
13569
13598
13608
13608
13643
13656
13656
13678
13740
13753
13792
13843
13875
13908
13945
13945
14008
14037
14061
14082
14109
14136
14136
14162
14172
14204
14215
14223
14253
14306
14330
14355
14381
14425
14438
14464
14487
14487
14530
14540
14584
14632
14632
14661
14661
14661
14690
14716
14716
14734
14751
14787
14787
14807
14839
14839
14868
14891
14922
14934
14956
14977
14977
15012
15016
15040
15070
15110
15161
15192
15218
15218
15246
15258
15258
15290
15290
15320
15349
15349
15382
15396
15396
15432
15442
15442
15461
15469
15470
15504
15564
15570
15615
15626
15626
15667
15667
15706
15772
15772
15840
15864
15864
15925
15925
16474
16502
16531
16531
16561
16587
16599
16599
16599
16599
16647
16663
16742
16795
16823
16851
16851
16886
16913
16926
16974
17003
17025
17046
17063
17089
17116
17145
17186
17186
17214
17248
17265
17308
17334
17363
17391
17417
17417
17448
17448
17482
17482
17516
17530
17539
17558
17580
17609
17641
17664
17689
17689
17974
18023
18044
18061
18086
18086
18086
18129
18129
18167
18180
18225
18225
18258
18258
18281
18281
18309
18324
18366
18834
18852
18852
18852
18886
18911
18938
18949
18949
19003
19096
19096
19138
19202
19223
19236
19256
19303
19332
19332
19368
19368
19404
19431
19459
19459
19485
19506
19523
19538
19559
19559
19559
19588
19622
19646
19665
19665
19686
19714
19730
19730
19767
19782
19812
19834
19855
19855
19890
19957
19973
19992
20154
20200
20231
20268
20268
20405
20440
20491
20517
20562
20603
20619
20675
20697
20716
20716
20733
20756
20765
20765
20810
20840
20840
20859
20859
20897
20941
20956
20956
20980
20996
21025
21045
21073
21088
21108
21125
21125
21159
21243
21262
21262
21288
21301
21317
21336
21361
21378
21395
21435
21456
21476
21493
21512
21512
21536
21554
21575
21575
21575
21617
21617
21663
21686
21714
21730
21778
21810
21827
21851
21868
21883
21883
21905
21922
21939
21983
21983
22046
22059
22059
22059
22101
22101
22146
22162
22162
22202
22202
22237
22253
22271
22271
22296
22348
22370
22396
22437
22746
22764
22789
22818
22818
22853
22873
22873
22873
22897
23000
23045
23060
23060
23098
23125
23142
23164
23346
23362
23434
23434
23468
23485
23509
23524
23546
23568
23613
23660
23676
23676
23725
23770
23813
23826
23859
23871
23871
23953
23975
23987
24002
24023
24081
24097
24117
24117
24157
24174
24219
24258
24305
24338
24371
24371
24371
24401
24419
25061
25069
25085
25136
25162
25162
25162
25179
25205
25258
25290
25309
25320
25349
25360
25384
25397
25422
25446
25499
25499
25621
25713
25732
25768
25783
25803
25828
25863
25907
25907
25936
25976
25990
26011
26027
26027
26697
26733
26733
26757
26779
26826
26849
26873
26873
26898
26925
26981
26981
27005
27060
27080
27080
27113
27173
27195
27207
27219
27240
27261
27273
27327
27327
27327
27363
27381
27404
27416
27439
27439
27458
27458
27483
27512
27512
27817
27836
27836
27863
27873
27900
27900
28049
28093
28215
28255
28255
28290
28304
28328
28363
28417
28447
28447
28476
28476
28516
28516
28855
28903
28913
28927
28958
28980
29010
29010
29102
29123
29160
29184
29201
29227
29252
29272
29323
29403
29438
29438
29466
29670
29671
29731
29742
29770
29787
29787
29822
29838
29838
29838
29884
30029
30029
30056
30093
30093
30093
30093
30119
30151
30178
30199
30212
30241
30282
30298
30328
30343
30376
30376
30394
30394
30394
30430
30468
30511
30511
30524
30524
30554
30579
30602
30613
30613
30651
30696
30828
30858
30882
30903
31099
31129
31151
31173
31186
31206
31228
31262
31306
31328
31367
31402
31419
31430
31430
31469
31491
31518
31533
31551
31568
31605
31664
31677
31702
31702
31716
31742
31762
31779
31779
31779
31814
31826
31840
31840
31965
31986
32012
32012
32012
32045
32068
32131
32169
32169
32194
32220
32230
32256
32303
32336
32358
32397
32397
32431
32461
32477
32527
32565
32565
32622
32643
32656
32689
32706
32723
32751
32777
32777
32821
32856
32857
32901
32931
32942
32992
33005
33005
33005
33086
33109
33109
33140
33140
33140
33140
33263
33288
33320
33361
33361
33361
33389
33398
33409
33422
33454
33454
33488
33545
33571
33603
33651
33667
33689
33716
33716
33758
33775
33832
33832
33832
33886
33886
33922
33973
33973
33973
34038
34050
34062
34062
34106
34106
34106
34169
34262
34273
34273
34298
34345
34362
34381
34381
34381
34509
34528
34546
34563
34563
34596
34611
34650
34650
34698
34698
34813
34841
34881
34893
35057
35093
35117
35141
35141
35169
35169
35207
35233
35233
35254
35266
35289
35307
35328
35344
35354
35383
35399
35668
35726
35760
35760
35781
35781
35806
35806
35846
35886
35886
35910
35910
35910
35947
35947
35977
35999
36033
36054
36115
36144
36159
36159
36196
36196
36222
36222
36241
36268
36268
36304
36334
36348
36362
36390
36390
36446
36461
36461
36499
36543
36557
36557
36583
36597
36604
36640
36650
36650
36682
36712
36752
36752
36784
36813
36813
36813
37108
37123
37150
37165
37191
37191
37234
37234
37333
37342
37342
37372
37403
37441
37474
37474
37497
37524
37546
37546
37578
37601
37652
37652
37693
37718
37769
37793
37816
37835
38061
38100
38121
38121
38143
38143
38180
38180
38180
38229
38271
38307
38357
38370
38618
38639
38639
38658
38690
38701
38948
38992
39074
39199
39266
39293
39304
39341
39370
39370
39393
39404
39454
39503
39518
39518
39536
39546
39576
39576
39603
39677
39677
39716
39716
39755
39796
39796
39827
39849
39871
39929
39944
39971
39994
40072
40088
40114
40133
40157
40218
40253
40253
40297
40327
40327
40371
40371
40396
40476
40506
40528
40552
40592
40614
40651
40673
40719
40719
40778
40799
40821
40835
40854
40920
40920
40944
40982
41007
41037
41056
41056
41080
41095
41108
41108
41150
41180
41180
41220
41238
41246
41268
41290
41290
41308
41332
41368
41368
41388
41417
41430
41441
41441
41441
41481
41512
41523
41561
41561
41592
41592
41656
41716
41824
41837
41876
41898
41913
41913
41939
41961
41993
42013
42013
42097
42121
42139
42207
42207
42242
42264
42634
42634
42657
42689
42707
42770
42819
42828
42866
43125
43172
43172
43194
43209
43224
43224
43224
43244
43291
43313
43313
43579
43579
43621
43643
43661
43672
43696
43723
43723
43738
43766
43780
43813
43813
43843
43892
44073
44091
44091
44157
44209
44243
44250
44250
44292
44308
44348
44392
44424
44424
44452
44452
44497
44511
44545
44583
44611
44638
44664
44682
44711
44760
44760
44801
44801
44885
44885
44885
44941
44941
44967
44989
45020
45061
45086
45121
45129
45144
45144
45164
45188
45213
45213
45243
45243
45290
45290
45319
45328
45336
45369
45431
45450
45450
45450
45483
45494
45525
45549
45629
45629
45679
45704
45742
45759
45784
45804
45815
45824
45824
45824
45858
45878
45905
45925
45939
45954
45998
46030
46059
46059
46059
46208
46224
46238
46257
46289
46348
46348
46429
46429
46495
46511
46511
46524
46539
46579
46636
46663
46708
46753
46773
46791
46791
46818
46862
46882
46891
46891
46919
46946
46966
46966
47047
47078
47078
47096
47150
47150
47163
47198
47198
47198
47229
47280
47298
47298
47347
47363
47404
47417
47455
47506
47529
47529
47545
47636
47636
47636
47689
47711
47737
47766
47799
47821
47831
47870
47870
47967
47989
48032
48063
48091
48091
48108
48108
48122
48153
48153
48178
48204
48231
48258
48287
48287
48287
48287
48315
48326
48371
48371
48371
48410
48427
48452
48482
48531
48548
48606
48650
48683
48703
48724
48736
48765
48765
48809
48872
48897
48934
48969
48979
49000
49110
49155
49223
49243
49271
49289
49323
49323
49323
49352
49372
49458
49502
49542
49542
49581
49581
49735
49765
49798
49839
49883
49893
49933
49966
49966
49995
50003
50003
50056
50114
50205
50228
50245
50260
50269
50269
50299
50324
50347
50375
50390
50390
50408
50488
50564
50564
50765
50802
50808
50847
50861
50917
50942
50980
50991
50991
51026
51026
51026
51061
51087
51115
51171
51197
51237
51278
51308
51319
51360
51390
51412
51438
51438
51438
51485
51485
51508
51508
51533
51585
51597
51705
51724
51738
51794
51887
51918
51918
51948
51966
51966
51981
51981
52021
52050
52119
52156
52156
52176
52183
52191
52244
52285
52297
52352
52397
52397
52453
52472
52489
52516
52516
52548
52583
52583
52613
52613
52664
52685
52724
52741
52741
52760
52760
52783
52805
52805
52838
52862
52889
52915
52940
52967
53007
53025
53054
53077
53077
53097
53097
53097
53097
53097
53097
53176
53201
53343
53409
53444
53444
53482
53535
53557
53609
53609
53609
53669
53698
53858
53902
54153
54172
54172
54262
54284
54284
54307
54334
54334
54350
54366
54385
54385
54409
54436
54436
54466
54535
54571
54591
54591
54612
54635
54670
54729
54774
54774
54791
54807
54826
54826
54875
54905
54932
54932
54994
55014
55055
55055
55083
55170
55170
55220
55220
55233
55271
55322
55345
55361
55398
55406
55467
55482
55515
55538
55550
55550
55574
55624
55641
55660
55707
55771
55832
55846
55869
55934
55959
55972
56010
56037
56053
56074
56093
56132
56149
56184
56184
56205
56414
56473
56473
56499
56499
56499
56538
56567
56609
56676
56676
56676
56703
56747
56747
56765
56789
56810
56810
56843
56870
56870
56897
56918
56945
56945
56971
56989
57029
57030
57094
57110
57122
57122
57147
57174
57174
57174
57201
57280
57319
57319
57354
57364
57450
57490
57534
57553
57594
57594
57594
57625
57625
57645
57645
57661
57700
57700
57700
57746
57791
57807
57855
57881
57909
57945
57972
58036
58036
58076
58127
58162
58182
58182
58215
58255
58262
58292
58298
58316
58378
58439
58439
58439
58468
58502
58502
58525
58551
58583
58583
58640
58695
58729
58775
58775
58794
58816
58816
58853
58914
58948
58965
59010
59033
59045
59045
59076
59076
59120
59135
59166
59203
59253
59253
59305
59325
59353
59391
59391
59391
59441
59450
59472
59492
59513
59550
59571
59610
59624
59624
59624
59665
59665
59687
59711
59773
59793
59793
59828
59828
59851
59851
59915
59980
60034
60059
60103
60118
60173
60173
60201
60271
60296
60324
60354
60367
60380
60608
60639
60672
60702
60731
60731
60773
60850
60887
60929
60946
61035
61035
61058
61082
61083
61083
61114
61114
61136
61136
61179
61192
61220
61261
61503
61578
61601
61601
61641
61641
61692
61738
61738
61816
61816
61842
61874
61874
61902
61947
61992
62005
62208
62236
62250
62274
62324
62424
62455
62487
62509
62535
62556
62583
62598
62636
62636
62670
62684
62858
62907
62927
62945
62978
62999
62999
63021
63053
63076
63129
63156
63237
63260
63285
63344
63388
63388
63408
63408
63428
63477
63502
63569
63594
63686
63724
63753
63782
63782
63782
63782
63821
63846
63853
63853
63872
63872
63910
63930
63939
63939
63984
63984
64017
64017
64040
64056
64056
64092
64108
64108
64157
64204
64204
64242
64256
64277
64299
64315
64332
64354
64354
64383
64405
64405
64423
64446
64446
64491
64559
64800
64847
64887
64887
64926
64926
64948
64955
64955
64955
64980
64980
64980
65021
65037
65037
65091
65134
65134
65150
65210
65293
65337
65431
65523
65561
65584
65613
65632
65644
65678
65733
65781
65781
65781
65781
65836
65855
65960
66030
66044
66079
66094
66113
66138
66161
66186
66223
66273
66288
66313
66313
66343
66395
66446
66473
66507
66507
66534
66551
66551
66573
66770
66796
66833
66869
67002
67132
67136
67174
67174
67174
67211
67248
67280
67327
67354
67354
67354
67377
67413
67446
67446
67465
67493
67540
67761
67791
67820
67820
67922
67964
67990
68018
68074
68096
68096
68112
68147
68147
68170
68170
68221
68317
68374
68422
68449
68449
68469
68516
68516
69181
69259
69283
69492
69526
69562
69609
69609
69644
69666
69734
69772
69772
69798
69798
69894
69948
69948
69966
69966
70013
70024
70024
70080
70123
70143
70170
70182
70209
70277
70277
70310
70422
70462
70467
70489
70489
70536
70576
70600
70680
70705
70743
70743
70765
70798
70878
70924
70952
70952
71034
71055
71078
71078
71103
71121
71121
71145
71171
71195
71237
71255
71255
71308
71334
71422
71471
71548
71548
71610
71627
71646
71690
71709
71739
71754
71774
71804
71804
71826
71838
71870
71870
71981
72008
72008
72031
72046
72070
72099
72125
72141
72156
72212
72293
72314
72341
72354
72374
72374
72374
72430
72458
72458
72458
72554
72581
72659
72668
72716
72734
72768
72797
72829
72884
72937
73109
73109
73160
73229
73229
73603
73663
73692
73707
73707
73707
73744
73744
73770
73770
73789
73816
73816
73852
73882
73896
73910
73938
73938
73994
74009
74009
74027
74046
74068
74068
74109
74119
74176
74176
74176
74255
74255
74281
74302
74332
74346
74359
74388
74620
74635
74665
74700
74744
74760
74800
74896
74902
74940
74983
74983
75005
75005
75054
75082
75101
75101
75120
75168
75370
75389
75425
75425
75483
75512
75512
75563
75599
75617
75617
75648
75686
75686
75708
75752
75752
75765
75781
75810
75825
75825
75855
75876
75998
76016
76046
76086
76223
76277
76292
76303
76375
76401
76401
76426
76456
76474
76498
76498
76544
76577
76616
76672
76685
76710
76725
76796
76807
76820
76844
76869
76900
76910
76910
76948
76992
77004
77028
77070
77070
77070
77112
77135
77150
77177
77276
77324
77359
77388
77498
77533
77557
77586
77618
77638
77661
77661
77661
77697
77731
77767
77777
77777
77777
77797
77812
77833
77954
77985
78007
78036
78065
78087
78110
78137
78160
78245
78274
78291
78291
78355
78390
78433
78446
78467
78467
78492
78492
78554
78588
78612
78643
78663
78678
78710
78744
78850
78889
78931
78964
78964
78996
78996
79053
79053
79076
79109
79130
79163
79163
79189
79205
79226
79252
79263
79308
79321
79331
79346
79402
79410
79453
79504
79504
79528
79528
79528
79764
79821
79851
79859
79866
79866
79866
79918
79918
79946
79946
79982
80077
80115
80115
80354
80354
80374
80374
80396
80423
80440
80468
80492
80553
80622
80638
80638
80638
80679
80876
80892
80921
80945
80972
81004
81039
81039
81277
81301
81324
81334
81356
81525
81566
81602
81625
81625
81651
81673
81743
81772
81783
81783
81817
81844
81861
81904
81917
81967
82018
82040
82040
82237
82254
82311
82325
82334
82362
82362
82375
82402
82402
82480
82542
82542
82542
82569
82596
82634
82634
82634
82634
82684
82684
82726
82743
82773
82773
82897
82916
83164
83186
83235
83235
83274
83299
83388
83433
83581
83648
83676
83713
83713
83713
83734
83753
83769
83789
83805
83845
83882
83882
83927
83945
84041
84079
84094
84299
84309
84332
84349
84349
84375
84421
84450
84460
84476
84487
84487
84512
84563
84591
84591
84655
84655
84730
84765
84798
84798
84798
84971
84987
85013
85041
85055
85165
85216
85226
85401
85486
85504
85592
85614
85697
85767
86446
86484
86510
86563
86576
86602
86619
86638
86662
86673
86690
86728
86770
86770
86790
86807
86847
86871
86894
86910
86943
86967
86988
87012
87031
87061
87076
87088
87117
87132
87132
87167
87208
87270
87284
87284
87307
87323
87349
87378
87413
87634
87657
87683
87705
87712
87725
87736
87785
87890
87928
88039
88124
88146
88174
88186
88207
88207
88242
88292
88292
88292
88292
88353
88382
88382
88490
88490
88513
88539
88563
88603
88603
88646
88646
88976
88996
89025
89063
89102
89123
89123
89154
89154
89168
89193
89212
89252
89252
89383
89425
89462
89575
89604
89625
89644
89669
89693
89693
89714
89759
89788
90346
90368
90368
90654
90654
90682
90700
90700
90728
90728
90759
90787
90787
90787
90815
90815
90871
90895
90895
90895
90895
90948
90987
91008
91018
91333
91356
91378
91407
91418
91586
91609
91646
91646
91772
91814
91814
91814
91814
91814
91853
91885
92137
92155
92165
92165
92165
92188
92232
92244
92255
92255
92290
92309
92326
92326
92326
92397
92397
92397
92397
92444
92458
92471
92493
92510
92527
92549
92549
92549
92616
92635
92662
92687
92973
92987
93085
93096
93145
93218
93331
93378
93379
93417
93417
93442
93457
93512
93512
93586
93838
93868
93889
93889
93926
93936
93936
93951
93987
94014
94082
94115
94159
94172
94172
94194
94226
94257
94326
94345
94469
94505
94580
94592
94609
94633
94676
94676
94708
94724
94724
94755
94755
94780
94804
94838
94892
94952
95021
95036
95046
95063
95367
95578
95614
95614
95661
95661
95956
95956
95982
95993
96009
96024
96056
96085
96102
96102
96132
96132
96145
96163
96163
96186
96198
96219
96244
96244
96269
96294
96327
96349
96349
96383
96393
96393
96393
96642
96642
96663
96663
96663
96713
96738
96770
96801
96840
96848
96907
96926
96984
97005
97005
97027
97044
97062
97062
97097
97115
97166
97187
97204
97222
97388
97411
97432
97445
97517
97560
97560
97590
97609
97671
97700
97700
97798
97813
97834
97834
97859
97878
97902
97902
97936
98002
98023
98188
98208
98208
98248
98248
98331
98351
98423
98437
98454
98495
98495
98515
98541
98555
98649
98701
98724
98756
98769
98792
98896
98919
98943
98952
98963
99016
99016
99016
99055
99055
99055
99115
99165
99227
99239
99252
99284
99295
99312
99328
99411
99427
99466
99466
99489
99509
99533
99565
99565
99565
99565
99593
99615
99634
99645
99698
99719
99737
99775
100147
100189
100216
100362
100362
100362
100446
100500
100514
100514
100578
100594
100627
100660
100681
100681
100693
100693
100717
100730
100730
100759
100916
100930
100955
101009
101030
101053
101103
101128
101141
101158
101178
101198
101198
101231
101231
101260
101282
101319
101377
101377
101402
101421
101518
101556
101572
101585
101622
101644
101669
101688
101774
101790
101805
101826
101855
101871
101899
101949
101949
102114
102136
102156
102156
102191
102224
102224
102257
102281
102300
102316
102331
102355
102378
102401
102408
102415
102434
102459
102459
102487
102639
102725
102735
102745
102745
102770
102794
102826
102866
102882
102917
102941
102941
102941
103098
103114
103148
103148
103148
103188
103188
103219
103232
103251
103298
103345
103345
103358
103372
103406
103431
103470
103484
103505
103505
103519
103519
103544
103612
103634
103634
103823
103849
103868
103895
103905
103924
103932
103932
103932
103996
104062
104224
104224
104224
104250
104257
104284
104284
104317
104317
104342
104385
104403
104434
104454
104471
104498
104511
104536
104558
104558
104572
104584
104595
104595
104617
104636
104697
104712
104724
104750
104771
105010
105010
105035
105051
105051
105079
105088
105130
105157
105246
105251
105302
105302
105340
105348
105383
105732
105732
105732
105830
105877
105904
105915
105958
105958
106003
106003
106028
106044
106085
106106
106106
106133
106429
106445
106552
106605
106623
106633
106633
106671
106694
106694
106795
106795
106824
106885
106946
106955
106955
106982
106982
107051
107068
107104
107104
107130
107130
107165
107194
107222
107302
107344
107366
107532
107565
107575
107575
107603
107603
107644
107660
107718
107777
107900
108064
108105
108146
108146
108167
108167
108226
108261
108261
108261
108304
108341
108341
108412
108442
108458
108497
108520
108565
108565
108565
108593
108619
108749
108788
108788
108804
108836
108836
108872
108887
108953
108953
108985
108999
109026
109095
109113
109131
109174
109190
109204
109204
109204
109250
109250
109250
109309
109672
109688
109739
109813
109835
109866
109953
109968
110001
110056
110091
110105
110129
110146
110171
110192
110205
110229
110319
110335
110357
110380
110388
110388
110410
110424
110437
110459
110491
110491
110519
110707
110722
110722
110722
110722
110760
110788
110815
110889
110909
110958
111039
111065
111078
111092
111107
111287
111322
111341
111353
111353
111380
111403
111403
111427
111456
111538
111554
111595
111654
111670
111695
111717
111727
111744
111755
111812
111888
111946
112005
112005
112025
112045
112098
112130
112142
112156
112156
112189
112189
112189
112213
112247
112247
112268
112282
112302
112315
112315
112347
112364
112381
112407
112407
112436
112454
112467
112492
112508
112520
112529
112529
113261
113277
113318
113354
113397
113417
113417
113445
113537
113584
113627
113627
113661
114177
114236
114305
114326
114364
114426
114426
114455
114484
114504
114525
114540
114540
114575
114891
114907
114954
114954
114993
114993
115013
115189
115189
115216
115291
115335
115335
115395
115413
115425
115448
115470
115470
115516
115529
115560
115598
115614
115670
115696
115724
115724
115742
115786
115822
115884
116189
116199
116199
116220
116220
116234
116248
116292
116326
116345
116345
116374
116392
116411
116446
116446
116534
116564
116564
116590
116604
116617
116617
116642
116692
116692
116721
116751
116775
116786
116814
116840
116891
116936
116936
117017
117066
117073
117097
117109
117128
117154
117154
117212
117247
117513
117539
117549
117564
117578
117592
117633
117681
117765
117955
117975
117994
118006
118015
118033
118045
118086
118104
118122
118131
118150
118161
118343
118367
118367
118408
118424
118771
118922
118949
118959
118982
118982
119033
119050
119071
119350
119414
119439
119456
119500
119544
119562
119600
119619
119669
119775
119957
119957
120001
120062
120072
120245
120245
120260
120286
120298
120378
120414
120429
120538
120554
120564
120573
120573
120587
120596
120621
120640
120662
120713
120732
120732
120746
120771
120795
120824
120855
120896
120907
120920
120951
120979
120998
121033
121057
121081
121094
121124
121135
121193
121207
121227
121278
121278
121345
121439
121439
121463
121463
121463
121499
121499
121526
121545
121638
121693
121714
121735
121750
121750
121750
121829
121853
121875
121875
121911
121944
121968
121986
122004
122004
122025
122055
122081
122109
122153
122170
122182
122230
122265
122281
122281
122313
122348
122381
122392
122427
122556
122556
122599
122612
122641
122658
122702
122702
122723
122768
122782
122824
122839
122873
122890
122905
122905
122924
122924
122943
122961
122961
122979
123004
123032
123057
123068
123068
123113
123131
123148
123165
123194
123214
123232
123276
123312
123324
123337
123377
123385
123394
123436
123436
123473
123501
123520
123543
123543
123543
123588
123588
123620
123646
123738
123750
123778
123806
123824
123841
123841
123859
123908
123923
123923
123969
124051
124095
124095
124117
124130
124143
124160
124200
124287
124349
124368
124400
124506
124532
124583
124598
124617
124691
124769
124769
124793
124809
124828
124847
124862
124882
124908
124930
124930
124930
125001
125001
125025
125042
125076
125095
125095
125119
125119
125119
125157
125205
125240
125263
125281
125281
125312
125340
125353
125364
125395
125406
125406
125539
125579
125594
125594
125594
125629
125659
125659
125724
125724
125742
125742
125765
125796
125821
125888
126052
126068
126068
126089
126107
126132
126132
126132
126177
126177
126224
126224
126239
126312
126535
126563
126563
126590
126590
126624
126644
126661
126707
126724
126756
126766
126789
126789
126789
126819
126860
126914
126940
126975
126975
126975
127072
127129
127270
127270
127297
127297
127382
127412
127430
127458
127477
127477
127503
127567
127727
127749
127769
127827
127827
127921
127957
128000
128011
128139
128139
128240
128272
128336
128432
128432
128432
128499
128567
128733
128733
128793
128882
128896
128918
128918
128959
128977
128977
129101
129135
129164
129164
129186
129197
129197
129197
129272
129272
129286
129310
129349
129380
129409
129409
129430
129549
129603
129603
129603
129645
129676
129685
129685
129685
129756
129756
129788
129788
129826
129854
129854
129886
129902
129938
129938
129968
129985
130015
130037
130062
130084
130095
130109
130122
130144
130192
130219
130247
130337
130380
130398
130435
130460
130460
130490
130557
130607
130619
130683
130719
130746
130746
130746
130760
130782
130802
130829
130853
130853
130875
130909
130929
130948
130981
130995
130995
131050
131070
131122
131146
131146
131165
131214
131274
131290
131304
131317
131317
131317
131340
131353
131353
131366
131392
131392
131434
131453
131468
131468
131483
131483
131510
131534
131551
131569
131588
131611
131667
131691
131691
131712
131712
131712
131712
131757
131770
131770
131801
131837
131856
131885
131895
131921
131966
132055
132095
132095
132114
132163
132213
132264
132338
132368
132368
132741
132760
132790
132829
132867
132880
132880
132953
132966
133035
133066
133066
133092
133105
133105
133127
133139
133139
133139
133180
133202
133220
133260
133260
133282
133304
133335
133379
133485
133498
133498
133520
133520
133545
133566
133618
133644
133659
133702
133702
133726
133765
133827
133827
133877
133877
133877
133903
133929
133967
133967
134003
134074
134094
134122
134151
134164
134253
134342
134365
134365
134388
134388
134388
134388
134437
134437
134478
134501
134532
134603
134665
134689
134764
134764
134809
134809
134831
134855
134855
134871
134886
134908
134918
134945
134945
134973
134993
135622
135642
135673
135918
135946
135970
136211
136234
136254
136304
136324
136352
136366
136387
136387
136387
136409
136425
136447
136531
136542
136563
136578
136578
136600
136614
136614
136641
136641
136669
136691
136709
136736
136736
136764
136798
136811
136839
136860
136881
136897
136909
136930
136966
136980
137000
137030
137101
137165
137192
137234
137298
137298
137298
137341
137341
137390
137568
137591
137602
137626
137626
137653
137667
137667
137689
137713
137713
137730
137773
137786
137786
137786
137814
137827
137848
137965
138064
138064
138388
138406
138421
138435
138455
138476
138491
138507
138531
138550
138550
138577
138577
138617
138675
138694
138723
138723
138748
138759
138789
138857
138887
139220
139243
139914
139930
139948
140245
140245
140275
140275
140291
140331
140370
140388
140428
140440
140496
140512
140534
140569
140569
140602
140620
140679
140679
140679
140752
140793
140793
140835
140845
140845
140874
140900
140929
140937
140972
141004
141027
141037
141065
141076
141076
141100
141114
141124
141134
141155
141298
141312
141312
141332
141350
141350
141384
141401
141478
141526
141541
141571
141584
141616
141629
141629
141656
141688
141726
141739
141753
142049
142067
142077
142077
142077
142115
142133
142153
142229
142248
142248
142248
142289
142301
142316
142316
142343
142720
142742
142768
142781
142796
142813
142835
142855
142872
143111
143130
143151
143172
143207
143250
143279
143300
143325
143325
143358
143374
143398
143398
143632
143662
143662
143691
143691
143740
143822
143840
143862
143896
143915
143946
143979
144040
144070
144070
144112
144133
144144
144163
144195
144378
144392
144417
144432
144442
144442
144478
144542
144576
144627
144627
144627
144678
144693
144693
144715
144744
144766
144833
144904
145029
145065
145077
145102
145128
145170
145194
145207
145222
145293
145320
145348
145380
145416
145455
145455
145476
145518
145529
145552
145566
145566
145623
145638
145660
145678
145678
145703
145703
145756
145790
145872
145914
145914
145965
146009
146009
146009
146058
146071
146093
146123
146123
146146
146146
146146
146179
146209
146209
146233
146255
146280
146280
146307
146307
146369
146401
146428
146456
146479
146552
146570
146591
146883
146883
146916
146916
146972
147066
147109
147148
147172
147186
147201
147300
147300
147323
147380
147403
147422
147444
147461
147487
147500
147521
147575
147575
147626
147626
147661
147690
147717
147736
147783
147812
147827
147903
147922
147941
147941
147988
148061
148098
148118
148128
148128
148157
148214
148232
148279
148298
148368
148380
148402
148436
148576
148588
148637
148656
148704
148704
148720
148732
148753
148883
148916
148946
148962
148980
148980
149004
149038
149056
149076
149134
149191
149201
149216
149241
149428
149442
149480
149513
149582
149607
149627
149627
149640
149694
149711
149737
149763
149763
149763
149791
149810
149830
149846
149887
149900
149900
150001
150028
150028
150052
150052
150078
150078
150139
150158
150177
150199
150468
150487
150519
150531
150554
150575
150595
150621
150638
150680
150693
150717
150737
150737
150760
150898
150944
150968
150994
151011
151046
151089
151101
151101
151141
151165
151165
151183
151238
151254
151254
151293
151341
151371
151371
151386
151386
151408
151434
151448
151459
151459
151482
151503
151503
151529
151572
151699
151736
151736
151910
151959
151959
151998
152073
152089
152089
152118
152118
152118
152173
152173
152198
152198
152198
152198
152249
152259
152275
152308
152357
152357
152418
152418
152418
152443
152488
152506
152528
152562
152572
152593
152610
152625
152625
152650
152651
152693
152702
152914
152914
152938
152958
153064
153105
153140
153140
153177
153251
153341
153364
153364
153364
153396
153422
153473
153610
153682
153705
153747
153763
153792
153841
153907
153918
153940
153972
153991
154065
154065
154109
154160
154182
154204
154215
154258
154304
154325
154325
154345
154345
154374
154392
154501
154522
154597
154645
154747
154916
154928
154949
154949
154974
155067
155083
155092
155102
155117
155117
155117
155205
155234
155264
155342
155369
155379
155399
155415
155582
155628
155646
155683
155738
155758
155781
155810
155828
155859
155879
155879
155899
155912
155927
155927
155949
155968
155968
156028
156106
156121
156139
156139
156224
156395
156418
156418
156418
156418
156472
156472
156472
156876
156901
156901
156918
156926
156926
156959
156968
156988
157005
157005
157025
157047
157065
157085
157291
157330
157350
157373
157415
157449
157466
157466
157509
157590
157662
157799
157867
157867
157943
157967
157967
158003
158016
158042
158074
158214
158236
158262
158283
158305
158335
158353
158370
158426
158426
158438
158516
158534
158553
158553
158571
158593
158593
158621
158621
158675
158769
158841
158861
158899
158937
158968
158983
159039
159096
159106
159106
159138
159138
159161
159201
159201
159225
159250
159277
159531
159558
159558
159579
159621
159675
159705
159721
159791
159829
159829
159858
159879
159896
159896
159910
159969
159969
160007
160045
160071
160091
160114
160415
160428
160444
160444
160530
160549
160588
160613
160637
160649
160671
160834
160834
160834
160870
160893
160959
160992
161003
161014
161052
161407
161425
161444
161458
161480
161488
161513
161544
161568
161600
161614
161638
161660
161674
161736
161808
161854
161874
161892
161917
161917
161942
162021
162039
162058
162088
162108
162108
162136
162170
162243
162243
162243
162289
162306
162306
162337
162510
162526
162526
162549
162586
162605
162650
162661
162674
162704
162747
162775
162815
162845
162962
163007
163021
163037
163061
163086
163101
163121
163121
163177
163177
163209
163226
163245
163269
163300
163321
163321
163360
163360
163390
163409
163409
163409
163442
163442
163483
163589
163610
163610
163638
163638
163672
163698
163728
163728
163750
163770
163801
163844
163884
163910
163935
163935
163963
163977
164011
164030
164044
164130
164248
164272
164286
164310
164324
164342
164359
164384
164424
164445
164484
164484
164499
164518
164547
164547
164547
164547
164591
164591
164625
164669
164695
164713
164738
164778
164778
164811
164811
164833
164857
164884
165045
165062
165062
165099
165114
165132
165169
165293
165310
165310
165346
165346
165373
165422
165422
165422
165439
165516
165530
165553
165599
165599
165599
165627
165627
165643
165688
165708
165751
165751
165766
165794
165815
165863
165956
165977
165977
166001
166017
166051
166084
166093
166121
166147
166157
166201
166271
166271
166291
166306
166335
166364
166378
166399
166412
166436
166452
166521
166549
166565
166750
166761
166814
166826
166859
166877
166893
166921
166987
167006
167022
167059
167094
167116
167116
167130
167159
167179
167179
167179
167202
167345
167371
167398
167413
167467
167467
167497
167497
167513
167523
167540
167559
167594
167635
167684
167705
167721
167747
167747
167747
167803
167967
167988
168015
168050
168070
168070
168116
168116
168116
168116
168159
168353
168376
168376
168404
168436
168446
168464
168464
168491
168510
168510
168526
168526
168549
168549
168549
168586
168637
168650
168666
168717
168717
168752
168777
168777
168854
168874
168874
168896
168943
169047
169079
169469
169497
169528
169588
169588
169614
169710
169736
169748
169767
169802
169827
169860
169872
169920
169942
169942
169987
170017
170044
170044
170069
170069
170069
170069
170123
170123
170160
170182
170182
170209
170220
170222
170222
170262
170262
170313
170402
170418
170435
170454
170454
170454
170529
170552
170603
170620
170620
170805
170818
170818
170862
170884
170904
170944
171010
171185
171201
171201
171230
171249
171277
171303
171335
171350
171383
171410
171430
171445
171457
171481
171495
171495
171558
171568
171581
171581
171611
171633
171653
171679
171689
171711
171711
171757
171778
171778
171806
171858
171877
171877
171902
171920
171947
171962
171991
172004
172018
172060
172088
172115
172115
172171
172171
172208
172297
172320
172372
172393
172457
172485
172515
172515
172568
172568
172587
172603
172603
172631
172647
172670
172687
172708
172730
172746
172746
172788
172811
172850
173329
173371
173378
173417
173427
173427
173444
173466
173496
173516
173536
173536
173566
173566
173566
173566
173613
173663
173800
173800
173800
173839
173854
173868
173868
173900
173925
173925
173957
173971
174010
174046
174091
174110
174513
174546
174546
174570
174570
174602
174632
174651
174651
174687
174725
174772
174788
174828
174857
174879
174914
174914
174938
174993
174993
175027
175036
175050
175088
175088
175127
175127
175127
175144
175162
175189
175201
175209
175231
175308
175328
175351
175351
175386
175386
175405
175425
175434
175451
175508
175508
175630
175698
175711
175743
175743
175770
175791
175839
175849
175881
175881
175895
175919
175954
176015
176119
176140
176177
176200
176219
176282
176323
176335
176335
176366
176379
176408
176426
176447
176456
176474
176493
176509
176632
176648
176693
176693
176721
176721
176721
176830
176851
176873
176873
176907
176907
176921
176935
176963
177003
177018
177018
177139
177162
177195
177214
177247
177275
177284
177284
177322
177462
177477
177497
177497
177520
177565
177616
177616
177730
177749
177759
177783
177829
177829
177867
177867
177867
177867
177918
177931
177961
177979
177998
177998
178023
178073
178123
178147
178167
178200
178211
178251
178270
178270
178380
178560
178600
178615
178663
178663
178663
178684
178715
178733
178765
178792
178792
178819
178826
178826
178858
178883
178883
178883
178926
178926
178950
178964
178992
179017
179064
179234
179248
179270
179287
179521
179551
179586
179605
179605
179661
179681
179716
179736
179753
179753
179795
179825
179837
179915
179943
179961
179976
180003
180003
180024
180069
180113
180113
180156
180156
180192
180246
180256
180275
180282
180295
180321
180367
180432
180445
180464
180492
180504
180545
180556
180593
180607
180626
180737
180754
180771
180771
180786
180814
180847
180847
180847
180921
180951
180960
181045
181071
181092
181104
181139
181202
181202
181239
181239
181291
181307
181307
181351
181366
181366
181437
181472
181507
181543
181582
181582
181623
181662
181683
181696
181725
181751
181768
181768
181768
181785
181806
181824
181824
181857
181873
181912
181935
181935
181957
181992
182014
182028
182046
182060
182070
182087
182146
182229
182246
182264
182283
182301
182301
182301
182334
182350
182371
182406
182406
182426
182426
182451
182520
182551
182581
182600
182627
182676
182721
183025
183055
183065
183075
183122
183251
183264
183279
183334
183350
183411
183494
183580
183598
183615
183615
183650
183686
183772
183813
183830
183843
183843
183862
183882
183945
183971
183998
184103
184177
184212
184230
184245
184310
184353
184353
184385
184516
184537
184567
184567
184595
184622
184648
184678
184742
184834
184938
184979
185001
185001
185038
185066
185086
185152
185152
185164
185164
185190
185190
185214
185240
185260
185278
185304
185328
185328
185356
185356
185389
185414
185443
185463
185474
185495
185509
185530
185581
185581
185656
185697
185718
185718
185825
185872
185872
185900
186074
186074
186093
186093
186093
186116
186311
186340
186340
186362
186378
186407
186407
186444
186444
186471
186482
186533
186628
186641
186672
186693
186693
186693
186693
186721
186737
186825
186838
186856
186871
186887
186903
186919
186940
187023
187039
187039
187039
187089
187104
187104
187132
187154
187235
187254
187271
187289
187316
187329
187352
187366
187366
187398
187476
187515
187515
187530
187546
187546
187546
187570
187588
187614
187653
187675
187681
187695
187719
187741
187767
187794
187810
187848
187870
187870
187891
187891
187938
187955
188006
188046
188076
188092
188101
188117
188148
188164
188164
188197
188228
188259
188432
188467
188615
188631
188644
188657
188700
188700
188719
188737
188755
188867
188894
188915
188933
188960
188986
188986
189010
189040
189078
189095
189111
189111
189153
189172
189215
189263
189275
189275
189295
189295
189295
189331
189382
189471
189471
189501
189545
189564
189579
189599
189631
189631
189662
189686
189697
189697
189697
189731
189826
189826
189826
189870
189870
189901
189932
189945
189945
189945
189945
189996
190053
190081
190132
190167
190209
190264
190318
190365
190421
190421
190445
190476
190491
190522
190660
190673
190673
190706
190769
190787
190813
190825
190871
190939
191036
191067
191093
191093
191193
191218
191228
191228
191228
191228
191426
191426
191458
191472
191497
191561
191561
191561
191706
191784
191784
191877
191983
192006
192033
192064
192103
192178
192209
192215
192241
192254
192307
192338
192338
192368
192392
192408
192470
192486
192525
192595
192595
192653
192664
192678
192690
192701
192749
192773
192773
192845
192892
192911
192924
192965
192965
193003
193100
193122
193267
193290
193305
193325
193338
193338
193362
193374
193429
193446
193473
193473
193495
193558
193588
193685
193685
193711
193752
193766
193781
193800
193830
193860
193860
193860
193860
193901
193968
194021
194052
194088
194112
194112
194493
194493
194493
194537
194574
194596
194626
194682
195061
195093
195112
195280
195303
195351
195435
195463
195478
195585
195644
195644
195664
195664
195664
195693
195709
195733
195733
195785
195801
195831
195831
195851
195851
195913
195949
195964
195978
196001
196025
196025
196040
196076
196076
196093
196106
196106
196138
196168
196195
196331
196341
196356
196356
196366
196393
196416
196441
196454
196481
196515
196625
196642
196657
196678
196692
196692
196725
196766
196852
196868
196904
196920
196942
196971
197004
197044
197181
197197
197236
197236
197304
197383
197383
197406
197430
197462
197536
197581
197597
197635
197651
197668
197668
197710
197726
197755
197778
197800
197889
197903
197903
197942
197964
197992
197992
198009
198031
198053
198245
198265
198300
198324
198369
198369
198387
198405
198414
198414
198444
198505
198523
198523
198547
198569
198580
198617
198617
198669
198669
198712
198731
198751
198772
198822
198842
198883
198908
198908
198940
199040
199054
199054
199084
199103
199103
199122
199193
199206
199231
199366
199366
199366
199408
199437
199462
199478
199497
199527
199542
199542
199577
199577
199601
199601
199639
199639
199639
199675
199699
199699
199760
199767
199811
199846
199857
199886
199897
199931
199973
199973
199973
200006
200028
200045
200045
200063
200076
200098
200124
200130
200141
200150
200180
200213
200242
200275
200291
200291
200374
200405
200405
200434
200456
200538
200585
200629
200712
200740
200770
200782
200797
200813
200834
201085
201106
201118
201158
201237
201366
201392
201425
201449
201473
201495
201511
201526
201542
201620
201636
201687
201731
201731
201731
201751
201808
201845
201876
201898
201938
201948
201958
202013
202013
202033
202055
202073
202103
202141
202160
202172
202172
202172
202464
202464
202490
202523
202565
202565
202606
202606
202720
202734
202748
202764
202764
202764
202786
202810
202829
202829
202829
202894
202922
202922
202948
203218
203247
203282
203304
203324
203341
203341
203362
203371
203378
203446
203457
203479
203499
203515
203542
203542
203559
203592
203592
203613
203647
203671
203698
203698
203766
203775
203794
203815
203832
203843
203853
203867
203881
203896
203913
203929
203991
204252
204278
204289
204295
204295
204310
204328
204328
204347
204370
204411
204411
204505
204528
204547
204651
204671
204710
204726
204755
204765
204765
204824
204867
204867
205033
205058
205074
205135
205153
205176
205202
205217
205381
205381
205381
205429
205429
205516
205545
205563
205586
205604
205626
205637
205659
205684
205726
205767
205798
205953
205978
205978
206024
206048
206080
206154
206175
206201
206201
206201
206223
206237
206260
206339
206361
206387
206421
206433
206449
206464
206464
206512
206578
206578
206654
206663
206726
206830
206865
206912
206924
206924
206924
206944
207106
207129
207155
207497
207572
207601
207601
207601
207632
207632
207632
207663
207694
207723
207760
207822
207822
207858
207884
207932
208000
208033
208033
208033
208059
208059
208092
208126
208159
208159
208204
208230
208246
208305
208343
208343
208379
208410
208443
208477
208504
208517
208517
208538
208551
208589
208600
208615
208615
208615
208701
208701
208701
208847
208911
208911
208940
208963
208963
208989
209024
209024
209024
209048
209066
209079
209079
209122
209122
209146
209179
209179
209198
209198
209713
209740
209759
209759
209759
209759
209789
209789
209789
209831
209831
209850
209850
209886
209927
209927
210032
210054
210122
210122
210122
210168
210185
210202
210268
210290
210300
210300
210320
210320
210320
210352
210364
210376
210408
210425
210448
210476
210476
210511
210511
210511
210511
210543
210587
210604
210649
210675
210702
210702
210758
210833
210857
210877
210893
210931
210944
210944
210944
210963
210963
210974
210974
210994
211045
211045
211045
211045
211086
211109
211109
211109
211129
211129
211145
211145
211169
211214
211242
211242
211280
211280
211297
211297
211310
211357
211375
211415
211415
211415
211449
211474
211474
211535
211572
211655
211655
211678
211678
211700
211700
211714
211736
211736
211751
211751
211768
211805
211832
211868
211900
211934
211998
212004
212005
212027
212052
212075
212089
212101
212141
212141
212168
212215
212269
212295
212295
212329
212329
212329
212365
212402
212402
212420
212453
212453
212453
212472
212472
212472
212496
212503
212586
212632
212632
212686
212686
212711
212788
213449
213478
213502
213502
213521
213521
213546
213546
213546
213587
213609
213609
213609
213609
213630
213630
213630
213630
213660
213692
213743
213770
213770
213770
213806
213806
213839
213863
213863
213863
213894
213919
213919
213919
213980
214019
214030
214056
214087
214107
214151
214151
214175
214175
214209
214209
214209
214246
214246
214266
214296
214296
214296
214323
214323
214323
214358
214358
214358
214358
214358
214399
214417
214450
214493
214518
214543
214550
214570
214570
214617
214633
214660
214660
214689
214713
214713
214729
214755
214782
214824
214824
214864
214864
214901
214929
214929
214950
214973
214984
215028
215058
215058
215076
215119
215141
215175
215197
215225
215225
215251
215276
215313
215313
215313
215337
215348
215384
215384
215384
215384
215413
215479
215515
215548
215548
215596
215610
215640
215654
215683
215683
215771
215771
215771
215771
215771
215771
215771
215838
215838
215890
215914
215914
215932
215932
215953
215953
216034
216060
216082
216082
216082
216107
216139
216151
216172
216192
216205
216260
216286
216307
216307
216352
216383
216383
216402
216407
216418
216418
216418
216418
216446
216446
216529
216529
216529
216552
216552
216583
216678
216708
216724
216724
216724
216724
216765
216791
216824
216863
216863
216863
216907
216921
216940
216940
216940
216960
217048
217048
217113
217143
217143
217167
217182
217182
217182
217214
217214
217243
217266
217266
217316
217316
217341
217368
217368
217407
217407
217437
217437
217437
217470
217575
217575
217594
217616
217616
217633
217633
217650
217650
217650
217650
217688
217688
217711
217711
217711
217711
217738
217738
217738
217763
217802
217829
217839
217854
217874
217894
217923
217923
217999
218018
218018
218018
218043
218043
218043
218043
218066
218066
218066
218066
218125
218175
218175
218175
218218
218218
218242
218267
218267
218267
218287
218315
218315
218315
218346
218346
218383
218383
218413
218413
218446
218446
218460
218484
218512
218842
218856
218901
218919
218919
218919
218946
218973
219043
219072
219094
219094
219128
219141
219141
219165
219165
219165
219186
219205
219233
219233
219233
219233
219275
219275
219275
219304
219304
219304
219304
219329
219329
219329
219329
219329
219379
219408
219408
219438
219438
219461
219461
219461
219515
219515
219560
219560
219560
219579
219602
219602
219602
219746
219746
219746
219795
219810
219861
219861
219900
219900
219900
219924
219948
219964
219987
220002
220014
220036
220036
220075
220075
220586
220639
220639
220639
220639
220681
220780
220813
220821
220838
220846
220846
220866
220885
220899
220899
220899
220941
220981
220981
221014
221052
221090
221090
221112
221175
221190
221198
221217
221246
221246
221276
221300
221300
221300
221318
221318
221318
221352
221352
221352
221378
221378
221429
221445
221445
221445
221467
221467
221698
221734
221770
221801
221814
221814
221834
221866
221866
221914
221933
221933
221933
221963
222002
222028
222028
222062
222150
222150
222359
222395
222395
222424
222441
222441
222468
222508
222523
222537
222537
222556
222592
222616
222616
222644
222644
222676
222711
222730
222738
222738
222779
222779
222821
222821
222835
222846
222846
222846
222873
222886
222898
222914
222944
222993
222993
223025
223025
223025
223062
223116
223116
223116
223116
223149
223171
223171
223203
223203
223218
223218
223251
223281
223281
223281
223339
223387
223387
223417
223427
223427
223427
223427
223468
223484
223484
223543
223543
223576
223576
223576
223612
223612
223639
223663
223663
223684
223700
223737
223781
223857
223873
223894
223894
223927
223949
223949
223964
224002
224030
224053
224088
224117
224143
224176
224176
224176
224206
224206
224228
224241
224241
224241
224284
224284
225260
225322
225322
225387
225387
225387
225412
225479
225479
225511
225541
225541
225541
225541
225584
225602
225602
225626
225639
225639
225665
225706
225823
225960
225960
226052
226205
226205
226227
226278
226278
226292
226319
226319
226358
226358
226374
226392
226417
226429
226429
226454
226465
226482
226505
226505
226505
226547
226560
226560
226560
226621
226658
226722
226735
226758
226758
226758
226758
226758
226801
226828
226860
226860
226860
226860
226898
226927
226964
227014
227089
227108
227108
227128
227150
227172
227194
227206
227206
227245
227278
227278
227278
227278
227303
227303
227303
227325
227351
227351
227381
227406
227446
227446
227446
227469
227469
227469
227512
227550
227571
227603
227603
227613
227630
227683
227683
227683
227739
227739
227769
227769
227769
227796
227834
227855
227896
227915
227931
227966
227979
228000
228035
228055
228086
228086
228098
228098
228116
228116
228116
228116
228116
228146
228164
228164
228164
228201
228201
228239
228239
228284
228284
228309
228334
228334
228357
228377
228393
228393
228421
228421
228421
228477
228509
228509
228509
228509
228533
228553
228584
228584
228600
228642
228658
228700
228711
228735
228746
228759
228759
228777
228802
228802
228876
228876
228876
228876
228896
228896
228922
228922
228940
228940
229034
229034
229034
229034
229064
229064
229085
229085
229322
229335
229364
229381
229381
229394
229394
229412
229412
229412
229463
229481
229499
229536
229536
229536
229569
229593
229623
229636
229689
229835
229840
229886
229899
229915
229935
229935
229973
229973
230003
230028
230028
230062
230062
230082
230096
230148
230166
230193
230193
230193
230225
230236
230269
230291
230305
230320
230334
230391
230400
230427
230427
230484
230506
230517
230538
230606
230683
230683
230731
230763
230763
230763
230808
230939
230968
230981
230981
230981
231000
231027
231063
231063
231063
231107
231158
231182
231223
231252
231268
231268
231268
231284
231284
231284
231315
231343
231357
231357
231357
231375
231395
231451
231496
231522
231541
231541
231556
231591
231606
231621
231647
231662
231690
231690
231711
231711
231723
231762
231785
231804
231804
231837
231847
231863
231863
231863
231902
231902
231970
231991
231991
232027
232027
232027
232067
232067
232095
232898
232898
232934
232934
232968
232968
232968
233003
233012
233012
233066
233066
233131
233148
233165
233191
233191
233223
233223
233223
233277
233313
233386
233386
233386
233427
233427
233446
233472
233509
233509
233533
233533
233576
233605
233605
233721
233738
233752
233752
233786
233809
233830
233858
233889
233908
233908
233927
233927
233949
233949
233969
233969
233986
234048
234071
234089
234089
234133
234175
234175
234219
234219
234219
234219
234267
234267
234298
234298
234311
234362
234362
234416
234416
234447
234479
234517
234561
234586
234609
234609
234609
234666
234692
234730
234765
234789
234789
234825
234825
235067
235067
235119
235119
235119
235162
235176
235191
235206
235238
235238
235281
235281
235308
235308
235326
235355
235355
235386
235398
235482
235496
235496
235515
235515
235545
235609
235632
235632
235662
235687
235687
235722
235738
235738
235738
235738
235789
235789
235822
235845
235845
235845
235845
235866
235898
235898
235898
235925
235925
235947
235947
235983
236002
236002
236027
236027
236027
236044
236053
236053
236075
236109
236109
236121
236121
236121
236153
236167
236220
236220
236220
236220
236266
236297
236317
236317
236361
236372
236382
236382
236394
236406
236406
236454
236454
236454
236472
236487
236518
236533
236534
236575
236598
236598
236619
236619
236638
236638
236665
236718
236718
236718
236718
236741
236741
236741
236767
236784
236803
236803
236840
236876
236901
236922
236922
236976
237000
237025
237025
237051
237051
237077
237111
237111
237149
237149
237187
237214
237223
237249
237249
237336
237336
237352
237352
237352
237417
237437
237437
237460
237483
237538
237538
237561
237573
237594
237594
237622
237644
237659
237659
237676
237705
237705
237742
237758
237773
237805
237818
237847
237902
237951
237951
237951
237951
238023
238023
238044
238044
238044
238044
238044
238124
238124
238145
238182
238182
238196
238232
238232
238232
238232
238269
238269
238269
238299
238326
238326
238364
238364
238399
238441
238457
238487
238513
238513
238513
238513
238550
238561
238581
238596
238596
238616
238616
238616
238634
238634
238651
238651
238679
238701
238701
238701
238738
238760
238760
238773
238782
238806
238828
238828
238859
238859
238859
238859
238859
238918
238918
238939
238939
238939
238970
238989
239007
239007
239034
239055
239055
239088
239109
239127
239127
239145
239145
239145
239185
239241
239263
239295
239328
239328
239357
239386
239443
239726
239744
239744
239744
239744
239744
239838
239838
239878
239895
239895
239895
239935
239966
239996
240017
240017
240055
240088
240088
240088
240115
240115
240141
240141
240141
240174
240174
240207
240207
240241
240257
240271
240271
240307
240324
240346
240346
240346
240376
240400
240400
240422
240422
240422
240451
240487
240532
240550
240574
240599
240789
240823
240866
240896
240896
240896
240896
240956
240974
240974
240974
240974
241007
241034
241034
241059
241085
241107
241107
241153
241187
241198
241198
241232
241232
241232
241232
241259
241279
241279
241279
241324
241335
241335
241355
241355
241382
241399
241413
241413
241413
241456
241467
241479
241490
241507
241537
241777
241777
241810
241836
241908
241949
242014
242038
242038
242073
242113
242113
242113
242142
242142
242193
242193
242193
242218
242218
242246
242303
242317
242341
242341
242385
242396
242396
242396
242414
242414
242454
242454
242505
242562
242562
242615
242628
242647
242647
242647
242733
242753
242783
242783
242783
242831
242842
242871
242871
242871
242871
242897
242897
242897
242897
242897
242942
242942
242942
242976
242976
243120
243160
243160
243171
243171
243197
243220
243237
243256
243299
243343
243343
243403
243403
243448
243458
243496
243525
243525
243525
243554
243554
243577
243596
243618
243618
243618
243674
243692
243708
243708
243741
243770
243792
243812
243812
243836
243845
243859
243898
243919
243942
243983
244017
244031
244052
244065
244086
244086
244110
244110
244136
244150
244150
244190
244190
244237
244246
244260
244295
244295
244295
244321
244337
244356
244356
244386
244386
244421
244421
244469
244519
244548
244548
244566
244590
244590
244607
244607
244607
244632
244664
244664
244664
244684
244720
244720
244720
244720
244748
244748
244748
244773
245013
245034
245058
245058
245093
245118
245118
245143
245157
245157
245198
245213
245213
245285
245285
245331
245357
245406
245406
245427
245576
245576
245576
245622
245674
245713
245713
245756
245769
245769
245794
245794
245804
245834
245856
245856
245856
245877
245901
245935
245956
245956
245970
245995
246075
246075
246091
246102
246102
246102
246163
246163
246180
246190
246239
246239
246262
246262
246295
246295
246328
246334
246334
246354
246372
246372
246390
246390
246443
246443
246467
246467
246467
246509
246544
246553
246579
246579
246579
246579
246579
246638
246651
246666
246682
246682
246682
246727
246727
246761
246761
246761
246805
246805
246831
246855
246864
246884
246917
246955
246967
246967
246967
247003
247035
247050
247071
247071
247166
247182
247182
247209
247227
247227
247245
247265
247265
247317
247441
247455
247467
247484
247518
247536
247557
247586
247667
247667
247676
247715
247739
247751
247765
247782
247803
248018
248018
248061
248061
248088
248117
248233
248260
248260
248260
248260
248285
248285
248314
248314
248354
248374
248402
248421
248421
248448
248448
248475
248493
248535
248553
248580
248612
248637
248648
248718
248718
248750
248768
248792
248792
248811
248830
248849
248849
248871
248889
248889
248889
248889
248914
248914
248969
248969
248981
249396
249429
249547
249559
249623
249646
249686
249694
249694
249723
249723
249745
249745
249745
249776
249792
249792
249818
249849
249889
249903
249903
249903
249903
249937
249937
249937
249937
249937
249960
249972
250002
250002
250042
250042
250064
250084
250125
250125
250167
250200
250229
250229
250229
250272
250289
250289
250289
250289
250289
250333
250356
250379
250397
250423
250454
250454
250454
250486
250511
250543
250573
250598
250637
250637
250665
250686
250689
250715
250734
250846
250862
250908
250944
250969
250989
251009
251009
251028
251028
251064
251064
251113
251113
251137
251137
251202
251225
251225
251263
251263
251263
251305
251305
251345
251345
251372
251406
251418
251440
251458
251475
251509
251528
251546
251546
251568
251609
251624
251637
251650
251650
251680
251680
251705
251725
251749
251749
251778
251778
251819
251863
251863
251863
251885
251885
251885
251916
251954
251988
251988
251988
252022
252036
252036
252061
252076
252088
252118
252133
252133
252169
252290
252321
252321
252321
252321
252371
252371
252371
252414
252414
252439
252439
252486
252486
252486
252518
252518
252536
252575
252575
252575
252603
252603
252603
252658
252658
253127
253168
253203
253214
253214
253214
253259
253279
253279
253279
253313
253327
253343
253358
253594
253618
253632
253641
253641
253662
253662
253662
253694
253694
253694
253730
253755
253755
253772
253772
253791
253791
253853
253875
253886
253886
253897
253912
253912
253935
253947
253966
253966
253985
254014
254030
254042
254073
254099
254099
254099
254099
254135
254151
254151
254167
254183
254208
254227
254241
254241
254295
254295
254305
254324
254324
254344
254356
254394
254407
254741
254742
254742
254793
254814
254829
254829
254829
254904
254904
254933
254933
254965
254965
254965
254994
255065
255108
255161
255186
255196
255196
255224
255224
255248
255248
255300
255300
255328
255328
255347
255347
255370
255387
255411
255411
255441
255470
255470
255470
255520
255520
255558
255581
255602
255615
255629
255629
255652
255652
255678
255678
255678
255699
255699
255712
255712
255757
255768
255791
255802
255842
255857
255886
255985
256021
256021
256040
256058
256151
256151
256189
256227
256304
256320
256320
256320
256350
256364
256364
256384
256413
256413
256433
256433
256448
256467
256467
256499
256534
256534
256566
256566
256566
256594
256594
256615
256626
256643
256668
256689
256725
256736
256765
256765
256813
256838
256838
256838
256892
256904
256929
256929
256942
256995
257002
257032
257047
257096
257125
257125
257143
257143
257457
257489
257489
257489
257489
257537
257583
257583
257583
257583
257612
257612
257621
257628
257638
257638
257653
257657
257657
257673
257673
257689
257689
257700
257715
257715
257715
257715
257715
257747
257768
257789
257801
257801
257801
257837
257858
257871
257896
257896
257896
257923
257923
257952
257964
258051
258087
258110
258124
258141
258141
258166
258178
258178
258178
258218
258236
258278
258291
258291
258291
258332
258366
258366
258379
258415
258415
258415
258483
258505
258535
258563
258590
258609
258609
258629
258642
258655
258715
258715
258771
258812
258812
258856
258870
258889
258913
258925
258925
258925
258925
258962
258980
259015
259028
259048
259048
259078
259113
259155
259179
259207
259252
259292
259292
259292
259292
259292
259344
259395
259426
259426
259426
259464
259464
259486
259506
259537
259537
259564
259586
259586
259586
259586
259627
259644
259644
259695
259756
259789
259789
259818
259836
259872
259885
259885
259885
259885
259930
259930
259930
259983
259983
259983
260026
260026
260067
260087
260140
260140
260140
260179
260208
260208
260248
260248
260248
260272
260286
260301
260307
260336
260336
260376
260399
260416
260436
260467
260483
260490
260503
260503
260517
260517
260537
260556
260595
260622
260622
260622
260622
260655
260655
260681
260697
260719
260719
260745
260780
260797
260864
260864
260864
260908
260917
260938
260965
260965
260991
260991
261008
261008
261028
261028
261028
261028
261028
261077
261103
261144
261144
261172
261172
261172
261195
261207
261272
261282
261334
261334
261367
261425
261425
261425
261425
261425
261472
261481
261497
261536
261536
261568
261568
261568
261614
261614
261614
261650
261684
261684
261758
261758
261790
261824
261862
261862
261887
261887
261887
261887
261887
261920
261920
261945
261945
261986
262039
262039
262066
262066
262200
262200
262235
262235
262235
262235
262288
262288
262324
262324
262354
262385
262385
262414
262438
262465
262496
262503
262523
262540
262540
262570
262570
262579
262588
262700
262744
262767
262809
262809
262809
262909
262933
262956
262956
262978
262978
262978
263021
263040
263062
263062
263132
263132
263174
263215
263299
263299
263344
263344
263344
263384
263422
263422
263444
263474
263509
263509
263541
263558
263558
263582
263582
263582
263594
263594
263594
263637
263665
263665
263665
263665
263717
263717
263735
263776
263776
263803
263834
263876
263943
263943
263991
264021
264021
264049
264066
264066
264095
264095
264113
264120
264149
264149
264189
264189
264244
264244
264279
264279
264302
264302
264336
264336
264357
264357
264379
264379
264379
264379
264379
264442
264452
264504
264536
264573
264587
264616
264616
264644
264686
264704
264725
264746
264746
264773
264773
264803
264834
264834
264834
264875
264875
264906
264906
264906
264926
264957
264968
264980
265001
265001
265001
265032
265043
265056
265056
265081
265095
265115
265167
265167
265167
265205
265205
265233
265242
265251
265251
265276
265299
265299
265327
265327
265327
265327
265361
265660
265705
265725
265725
265769
265813
265813
265854
265882
265928
265928
265981
266080
266100
266131
266131
266160
266187
266235
266255
266276
266276
266299
266299
266326
266341
266372
266372
266372
266372
266427
266427
266451
266460
266506
266587
266611
266625
266625
266625
266653
266686
266686
266686
266686
266686
266713
266724
266724
266781
266781
266821
266861
266861
266880
266880
266880
266912
266925
266933
266955
266969
266991
267008
267008
267008
267008
267092
267127
267146
267184
267199
267236
267299
267322
267363
267363
267393
267393
267441
267462
267481
267481
267495
267531
267543
267580
267580
267615
267631
267668
267668
267668
267668
267668
267751
267751
267905
267909
267947
267947
267947
267972
267972
268004
268004
268021
268038
268055
268055
268055
268055
268089
268096
268125
268140
268140
268163
268163
268180
268201
268201
268201
268257
268278
268299
268324
268359
268359
268385
268385
268385
268407
268426
268451
268451
268451
268451
268451
268451
268526
268526
268581
268597
268616
268642
268699
268716
268727
268741
268753
268753
268765
268765
268787
268814
268828
268828
268849
268849
268883
268903
268917
268941
268941
268941
268985
268985
269010
269029
269097
269110
269110
269110
269110
269146
269162
269192
269192
269210
269219
269219
269265
269265
269312
269346
269360
269391
269415
269439
269439
269498
269498
269535
269555
269555
269574
269583
269603
269603
269752
269771
269808
269844
269886
269886
269886
269937
269937
269974
269986
270013
270013
270041
270041
270085
270085
270115
270115
270166
270166
270197
270197
270235
270267
270267
270267
270297
270297
270297
270330
270330
270330
270330
270373
270373
270373
270409
270409
270445
270460
270492
270506
270524
270579
270617
270638
270674
270700
270733
270739
270739
270739
271043
271075
271088
271118
271140
271202
271210
271230
271230
271253
271286
271328
271328
271384
271384
271406
271434
271466
271492
271521
271521
271521
271560
271560
271560
271560
271595
271658
271658
271689
271689
271718
271782
271844
271894
271894
271930
272013
272013
272061
272081
272144
272144
272144
272144
272200
272407
272431
272446
272491
272491
272505
272505
272536
272562
272580
272634
272669
272686
272706
272739
272767
272767
272793
272793
272830
272842
272875
272875
272896
272896
272911
272938
272959
272959
272992
273028
273040
273040
273104
273104
273171
273190
273190
273216
273216
273257
273257
273286
273286
273317
273317
273317
273317
273317
273317
273317
273374
273374
273399
273399
273399
273399
273429
273551
273551
273624
273624
273671
273671
273671
273697
273765
273786
273786
273801
273801
273801
273831
273831
273846
273896
273915
273915
273915
273915
273946
273968
273968
274011
274011
274011
274043
274043
274077
274077
274100
274122
274122
274122
274151
274151
274151
274207
274207
274228
274254
274282
274282
274311
274360
274360
274374
274391
274399
274399
274430
274468
274487
274487
274531
274531
274565
274595
274630
274656
274697
274725
274725
274744
274763
274780
274780
274809
274830
274830
274850
274850
274886
274909
274933
274946
274946
274986
275001
275001
275017
275017
275034
275059
275089
275119
275119
275119
275157
275195
275219
275237
275269
275300
275300
275325
275326
275355
275384
275408
275431
275431
275445
275463
275463
275476
275567
275567
275585
275585
275776
275820
275832
275860
275916
275944
275965
276023
276023
276023
276153
276153
276257
276281
276281
276297
276297
276351
276351
276351
276378
276404
276415
276426
276426
276458
276470
276470
276497
276532
276532
276550
276550
276580
276609
276609
276681
277027
277066
277066
277066
277066
277111
277123
277161
277194
277216
277238
277250
277287
277309
277327
277373
277404
277439
277448
277472
277472
277505
277538
277551
277551
277551
277580
277580
277598
277631
277637
277652
277683
277683
277762
277762
277778
277778
277876
278073
278155
278170
278183
278194
278194
278264
278280
278299
278299
278318
278358
278358
278401
278401
278436
278438
278438
278460
278476
278561
278576
278613
278640
278654
278654
278684
278684
278684
278702
278702
278776
278854
279074
279114
279149
279159
279159
279159
279192
279192
279192
279236
279236
279262
279262
279278
279308
279347
279347
279367
279378
279393
279393
279436
279481
279481
279518
279536
279536
279543
279552
279591
279591
279591
279633
279655
279665
279677
279677
279708
279708
279723
279734
279748
279757
279794
279794
279850
279850
279873
279873
279895
279895
279895
279927
279951
279973
279996
280014
280014
280030
280056
280080
280104
280132
280204
280257
280271
280283
280295
280319
280359
280366
280400
280400
280419
280419
280452
280471
280485
280503
280503
280503
280534
280543
280543
280571
280581
280581
280581
280624
280641
280671
280688
280717
280717
280749
280749
280778
280794
280794
280829
280845
280873
280873
280900
280900
281359
281382
281417
281417
281417
281417
281491
281508
281565
281578
281578
281578
281606
281675
281704
281704
281717
281717
281728
281754
281770
281770
281814
281825
281853
281861
281861
282140
282154
282154
282181
282209
282209
282224
282224
282224
282224
282224
282304
282304
282369
282413
282490
282499
282517
282517
282529
282529
282550
282568
282568
282587
282639
282659
282700
282728
282737
282790
282790
282909
282909
282938
282991
283005
283023
283067
283076
283098
283098
283113
283113
283141
283141
283141
283141
283183
283196
283215
283273
283310
283344
283344
283344
283390
283410
283435
283435
283456
283457
283482
283482
283498
283498
283510
283510
283510
283538
283555
283555
283725
283856
284006
284073
284121
284174
284247
284247
284282
284302
284302
284302
284345
284345
284391
284408
284408
284439
284439
284439
284439
284467
284467
284933
284950
284950
284970
284977
284989
284989
285032
285032
285044
285051
285051
285082
285105
285133
285133
285150
285187
285198
285198
285223
285238
285257
285257
285280
285296
285320
285320
285372
285400
285409
285421
285442
285458
285458
285469
285483
285483
285483
285483
285518
285518
285518
285518
285552
285568
285568
285618
285618
285618
285664
285664
285704
285740
285761
285761
285793
285808
285861
285869
285892
285921
285949
285962
285986
285996
286018
286040
286054
286079
286120
286169
286169
286169
286196
286229
286285
286292
286292
286351
286367
286367
286390
286425
286453
286466
286516
286516
286795
286806
286806
286835
286835
286924
286955
286988
287004
